Dynamical matrix file
                                                                           
  2    4  0  4.8894447  0.0000000  0.0000000  0.0000000  0.0000000  0.0000000
Basis vectors
      0.577350269    0.577350269    0.577350269
     -0.577350269    0.577350269    0.577350269
     -0.577350269   -0.577350269    0.577350269
           1  'S   '    29220.902402760657     
           2  'H   '    918.73579606933072     
    1    1      0.0000000000      0.0000000000      0.0000000000
    2    2      0.0000000000      0.0000000000      0.5773502691
    3    2      0.0000000000      0.5773502691      0.5773502691
    4    2     -0.5773502691      0.0000000000      0.5773502691

     Dynamical  Matrix in cartesian axes

     q = (    0.000000000   0.000000000   0.000000000 ) 

    1    1
  0.30195371  0.00000000    0.00000000  0.00000000   -0.00000000  0.00000000
  0.00000000  0.00000000    0.30195371  0.00000000    0.00000000  0.00000000
 -0.00000000  0.00000000    0.00000000  0.00000000    0.30195371  0.00000000
    1    2
 -0.10905753  0.00000000   -0.00000000  0.00000000    0.00000000  0.00000000
 -0.00000000  0.00000000   -0.10905753  0.00000000   -0.00000000  0.00000000
  0.00000000  0.00000000   -0.00000000  0.00000000   -0.08308199  0.00000000
    1    3
 -0.08308199  0.00000000   -0.00000000  0.00000000    0.00000000  0.00000000
 -0.00000000  0.00000000   -0.10905753  0.00000000   -0.00000000  0.00000000
  0.00000000  0.00000000   -0.00000000  0.00000000   -0.10905753  0.00000000
    1    4
 -0.10905753  0.00000000   -0.00000000  0.00000000    0.00000000  0.00000000
 -0.00000000  0.00000000   -0.08308199  0.00000000   -0.00000000  0.00000000
  0.00000000  0.00000000   -0.00000000  0.00000000   -0.10905753  0.00000000
    2    1
 -0.10905753  0.00000000   -0.00000000  0.00000000    0.00000000  0.00000000
 -0.00000000  0.00000000   -0.10905753  0.00000000   -0.00000000  0.00000000
  0.00000000  0.00000000   -0.00000000  0.00000000   -0.08308199  0.00000000
    2    2
  0.15259860  0.00000000    0.00000000  0.00000000   -0.00000000  0.00000000
  0.00000000  0.00000000    0.15259860  0.00000000    0.00000000  0.00000000
 -0.00000000  0.00000000    0.00000000  0.00000000    0.02077402  0.00000000
    2    3
  0.03225802  0.00000000   -0.00000000  0.00000000    0.00000000  0.00000000
 -0.00000000  0.00000000   -0.07418931  0.00000000   -0.00000000  0.00000000
  0.00000000  0.00000000   -0.00000000  0.00000000    0.03225802  0.00000000
    2    4
 -0.07418931  0.00000000   -0.00000000  0.00000000    0.00000000  0.00000000
 -0.00000000  0.00000000    0.03225802  0.00000000   -0.00000000  0.00000000
  0.00000000  0.00000000   -0.00000000  0.00000000    0.03225802  0.00000000
    3    1
 -0.08308199  0.00000000   -0.00000000  0.00000000    0.00000000  0.00000000
 -0.00000000  0.00000000   -0.10905753  0.00000000   -0.00000000  0.00000000
  0.00000000  0.00000000   -0.00000000  0.00000000   -0.10905753  0.00000000
    3    2
  0.03225802  0.00000000   -0.00000000  0.00000000    0.00000000  0.00000000
 -0.00000000  0.00000000   -0.07418931  0.00000000   -0.00000000  0.00000000
  0.00000000  0.00000000   -0.00000000  0.00000000    0.03225802  0.00000000
    3    3
  0.02077402  0.00000000    0.00000000  0.00000000   -0.00000000  0.00000000
  0.00000000  0.00000000    0.15259860  0.00000000    0.00000000  0.00000000
 -0.00000000  0.00000000    0.00000000  0.00000000    0.15259860  0.00000000
    3    4
  0.03225802  0.00000000   -0.00000000  0.00000000    0.00000000  0.00000000
 -0.00000000  0.00000000    0.03225802  0.00000000   -0.00000000  0.00000000
  0.00000000  0.00000000   -0.00000000  0.00000000   -0.07418931  0.00000000
    4    1
 -0.10905753  0.00000000   -0.00000000  0.00000000    0.00000000  0.00000000
 -0.00000000  0.00000000   -0.08308199  0.00000000   -0.00000000  0.00000000
  0.00000000  0.00000000   -0.00000000  0.00000000   -0.10905753  0.00000000
    4    2
 -0.07418931  0.00000000   -0.00000000  0.00000000    0.00000000  0.00000000
 -0.00000000  0.00000000    0.03225802  0.00000000   -0.00000000  0.00000000
  0.00000000  0.00000000   -0.00000000  0.00000000    0.03225802  0.00000000
    4    3
  0.03225802  0.00000000   -0.00000000  0.00000000    0.00000000  0.00000000
 -0.00000000  0.00000000    0.03225802  0.00000000   -0.00000000  0.00000000
  0.00000000  0.00000000   -0.00000000  0.00000000   -0.07418931  0.00000000
    4    4
  0.15259860  0.00000000    0.00000000  0.00000000   -0.00000000  0.00000000
  0.00000000  0.00000000    0.02077402  0.00000000    0.00000000  0.00000000
 -0.00000000  0.00000000    0.00000000  0.00000000    0.15259860  0.00000000

     Diagonalizing the dynamical matrix

     q = (    0.000000000   0.000000000   0.000000000 ) 

 **************************************************************************
     freq (    1) =      -7.187831 [THz] =    -239.760246 [cm-1]
 (  0.001954  0.000000 -0.001047  0.000000 -0.010449  0.000000 ) 
 (  0.064375  0.000000 -0.034499  0.000000  0.848376  0.000000 ) 
 ( -0.158623  0.000000 -0.034499  0.000000 -0.344302  0.000000 ) 
 (  0.064375  0.000000  0.085007  0.000000 -0.344302  0.000000 ) 
     freq (    2) =      -7.187831 [THz] =    -239.760246 [cm-1]
 (  0.008657  0.000000 -0.005856  0.000000  0.002205  0.000000 ) 
 (  0.285249  0.000000 -0.192953  0.000000 -0.179056  0.000000 ) 
 ( -0.702866  0.000000 -0.192953  0.000000  0.072668  0.000000 ) 
 (  0.285249  0.000000  0.475444  0.000000  0.072668  0.000000 ) 
     freq (    3) =      -7.187831 [THz] =    -239.760246 [cm-1]
 ( -0.005945  0.000000 -0.008872  0.000000 -0.000223  0.000000 ) 
 ( -0.195876  0.000000 -0.292331  0.000000  0.018066  0.000000 ) 
 (  0.482646  0.000000 -0.292331  0.000000 -0.007332  0.000000 ) 
 ( -0.195876  0.000000  0.720316  0.000000 -0.007332  0.000000 ) 
     freq (    4) =       1.454668 [THz] =      48.522495 [cm-1]
 ( -0.033244  0.000000  0.253013 -0.000000  0.429388  0.000000 ) 
 ( -0.030700  0.000000  0.233647 -0.000000  0.490058  0.000000 ) 
 ( -0.037942  0.000000  0.233647 -0.000000  0.396521  0.000000 ) 
 ( -0.030700  0.000000  0.288762 -0.000000  0.396521  0.000000 ) 
     freq (    5) =       1.454668 [THz] =      48.522495 [cm-1]
 ( -0.056626  0.000000 -0.429473  0.000000  0.248679 -0.000000 ) 
 ( -0.052292  0.000000 -0.396600  0.000000  0.283816 -0.000000 ) 
 ( -0.064627  0.000000 -0.396600  0.000000  0.229644 -0.000000 ) 
 ( -0.052292  0.000000 -0.490155  0.000000  0.229644 -0.000000 ) 
     freq (    6) =       1.454668 [THz] =      48.522495 [cm-1]
 ( -0.495160  0.000000  0.032127  0.000000 -0.057267  0.000000 ) 
 ( -0.457259  0.000000  0.029668  0.000000 -0.065359  0.000000 ) 
 ( -0.565123  0.000000  0.029668  0.000000 -0.052884  0.000000 ) 
 ( -0.457259  0.000000  0.036667  0.000000 -0.052884  0.000000 ) 
     freq (    7) =      36.466508 [THz] =    1216.391777 [cm-1]
 ( -0.031247  0.000000 -0.004739  0.000000  0.042791 -0.000000 ) 
 (  0.363400  0.000000  0.055111  0.000000 -0.387166  0.000000 ) 
 (  0.282721 -0.000000  0.055111 -0.000000 -0.497649  0.000000 ) 
 (  0.363400 -0.000000  0.042875 -0.000000 -0.497649  0.000000 ) 
     freq (    8) =      36.466508 [THz] =    1216.391777 [cm-1]
 ( -0.040195  0.000000  0.022152  0.000000 -0.026899  0.000000 ) 
 (  0.467463  0.000000 -0.257622  0.000000  0.243376  0.000000 ) 
 (  0.363681  0.000000 -0.257622  0.000000  0.312827  0.000000 ) 
 (  0.467463  0.000000 -0.200428  0.000000  0.312827  0.000000 ) 
     freq (    9) =      36.466508 [THz] =    1216.391777 [cm-1]
 ( -0.015423  0.000000 -0.048132  0.000000 -0.016592  0.000000 ) 
 (  0.179362  0.000000  0.559772  0.000000  0.150126  0.000000 ) 
 (  0.139542  0.000000  0.559772  0.000000  0.192966  0.000000 ) 
 (  0.179362  0.000000  0.435497  0.000000  0.192966  0.000000 ) 
     freq (   10) =      51.687993 [THz] =    1724.125845 [cm-1]
 ( -0.000000  0.000000  0.000000  0.000000  0.000000  0.000000 ) 
 (  0.592309  0.000000  0.386226  0.000000  0.000000  0.000000 ) 
 (  0.000000  0.000000 -0.386226  0.000000 -0.000000  0.000000 ) 
 ( -0.592309  0.000000  0.000000  0.000000 -0.000000  0.000000 ) 
     freq (   11) =      51.687993 [THz] =    1724.125845 [cm-1]
 (  0.000000  0.000000 -0.000000  0.000000  0.000000 -0.000000 ) 
 ( -0.181795  0.000000  0.278798  0.000000 -0.000000  0.000000 ) 
 ( -0.000000  0.000000 -0.278798  0.000000  0.623877 -0.000000 ) 
 (  0.181795  0.000000  0.000000 -0.000000 -0.623877  0.000000 ) 
     freq (   12) =      51.687993 [THz] =    1724.125845 [cm-1]
 (  0.000000 -0.000000 -0.000000  0.000000  0.000000  0.000000 ) 
 (  0.340765 -0.000000 -0.522591  0.000000 -0.000000  0.000000 ) 
 ( -0.000000  0.000000  0.522591 -0.000000  0.332833  0.000000 ) 
 ( -0.340765  0.000000  0.000000  0.000000 -0.332833  0.000000 ) 
 **************************************************************************
