Dynamical matrix file
                                                                           
  2    4  0  4.8894447  0.0000000  0.0000000  0.0000000  0.0000000  0.0000000
Basis vectors
      0.577350269    0.577350269    0.577350269
     -0.577350269    0.577350269    0.577350269
     -0.577350269   -0.577350269    0.577350269
           1  'S   '    29220.902402760657     
           2  'H   '    918.73579606933072     
    1    1      0.0000000000      0.0000000000      0.0000000000
    2    2      0.0000000000      0.0000000000      0.5773502691
    3    2      0.0000000000      0.5773502691      0.5773502691
    4    2     -0.5773502691      0.0000000000      0.5773502691

     Dynamical  Matrix in cartesian axes

     q = (    0.000000000   0.433012702  -0.433012702 ) 

    1    1
  0.33299508  0.00000000    0.00000000  0.00000000    0.00000000  0.00000000
 -0.00000000  0.00000000    0.81556704  0.00000000   -0.20796737  0.00000000
  0.00000000  0.00000000   -0.20796737  0.00000000    0.81556704  0.00000000
    1    2
  0.00000000  0.00000000    0.00000000  0.00000000   -0.00000000 -0.00000000
  0.00000000 -0.00000000    0.00000000 -0.00000000   -0.00000000  0.00000000
  0.00000000  0.00000000   -0.00000000  0.00000000    0.00000000 -0.00000000
    1    3
 -0.00880110  0.00000000    0.00000000  0.00000000   -0.00000000  0.00000000
  0.00000000  0.00000000    0.04287242  0.00000000   -0.08837953  0.00000000
 -0.00000000  0.00000000   -0.08837953  0.00000000    0.04287242  0.00000000
    1    4
 -0.00000000  0.00000000    0.00000000  0.00000000   -0.00000000 -0.00000000
 -0.00000000 -0.00000000    0.00000000 -0.00000000    0.00000000  0.00000000
  0.00000000  0.00000000    0.00000000  0.00000000   -0.00000000 -0.00000000
    2    1
  0.00000000 -0.00000000    0.00000000  0.00000000    0.00000000 -0.00000000
  0.00000000 -0.00000000    0.00000000  0.00000000    0.00000000 -0.00000000
  0.00000000 -0.00000000    0.00000000 -0.00000000    0.00000000  0.00000000
    2    2
  0.14172415  0.00000000    0.00000000  0.00000000    0.00000000  0.00000000
  0.00000000  0.00000000    0.14156968  0.00000000   -0.00355847  0.00000000
  0.00000000  0.00000000   -0.00355847  0.00000000    0.16843856  0.00000000
    2    3
  0.00000000  0.00000000   -0.00000000  0.00000000    0.00000000 -0.00000000
  0.00000000 -0.00000000    0.00000000  0.00000000   -0.00000000 -0.00000000
 -0.00000000  0.00000000   -0.00000000 -0.00000000   -0.00000000  0.00000000
    2    4
 -0.06033637  0.00000000    0.00000000  0.00000000    0.00000000  0.00000000
 -0.00000000  0.00000000    0.00658619  0.00000000   -0.00982988  0.00000000
  0.00000000  0.00000000   -0.00169150  0.00000000    0.00658619  0.00000000
    3    1
 -0.00880110  0.00000000    0.00000000  0.00000000   -0.00000000  0.00000000
  0.00000000  0.00000000    0.04287242  0.00000000   -0.08837953  0.00000000
 -0.00000000  0.00000000   -0.08837953  0.00000000    0.04287242  0.00000000
    3    2
 -0.00000000 -0.00000000   -0.00000000 -0.00000000    0.00000000  0.00000000
  0.00000000  0.00000000   -0.00000000 -0.00000000    0.00000000  0.00000000
 -0.00000000  0.00000000    0.00000000  0.00000000   -0.00000000 -0.00000000
    3    3
 -0.01299866  0.00000000   -0.00000000  0.00000000   -0.00000000  0.00000000
  0.00000000  0.00000000    0.13666927  0.00000000    0.00079849  0.00000000
  0.00000000  0.00000000    0.00079849  0.00000000    0.13666927  0.00000000
    3    4
  0.00000000 -0.00000000    0.00000000 -0.00000000    0.00000000  0.00000000
 -0.00000000  0.00000000   -0.00000000 -0.00000000    0.00000000  0.00000000
 -0.00000000  0.00000000    0.00000000  0.00000000   -0.00000000 -0.00000000
    4    1
  0.00000000 -0.00000000   -0.00000000  0.00000000    0.00000000 -0.00000000
  0.00000000  0.00000000    0.00000000  0.00000000    0.00000000 -0.00000000
  0.00000000  0.00000000   -0.00000000 -0.00000000    0.00000000  0.00000000
    4    2
 -0.06033637  0.00000000    0.00000000  0.00000000    0.00000000  0.00000000
 -0.00000000  0.00000000    0.00658619  0.00000000   -0.00169150  0.00000000
  0.00000000  0.00000000   -0.00982988  0.00000000    0.00658619  0.00000000
    4    3
 -0.00000000  0.00000000    0.00000000  0.00000000   -0.00000000 -0.00000000
  0.00000000 -0.00000000   -0.00000000  0.00000000    0.00000000 -0.00000000
  0.00000000  0.00000000    0.00000000 -0.00000000   -0.00000000  0.00000000
    4    4
  0.14172415  0.00000000   -0.00000000  0.00000000    0.00000000  0.00000000
 -0.00000000  0.00000000    0.16843856  0.00000000   -0.00355847  0.00000000
  0.00000000  0.00000000   -0.00355847  0.00000000    0.14156968  0.00000000

     Dynamical  Matrix in cartesian axes

     q = (   -0.433012702  -0.433012702   0.000000000 ) 

    1    1
  0.81556704  0.00000000    0.20796737  0.00000000    0.00000000  0.00000000
  0.20796737  0.00000000    0.81556704  0.00000000    0.00000000  0.00000000
  0.00000000  0.00000000    0.00000000  0.00000000    0.33299508  0.00000000
    1    2
  0.04287242  0.00000000    0.08837953  0.00000000   -0.00000000  0.00000000
  0.08837953  0.00000000    0.04287242  0.00000000    0.00000000  0.00000000
 -0.00000000  0.00000000    0.00000000  0.00000000   -0.00880110  0.00000000
    1    3
  0.00000000 -0.00000000   -0.00000000 -0.00000000    0.00000000 -0.00000000
  0.00000000 -0.00000000    0.00000000 -0.00000000   -0.00000000  0.00000000
  0.00000000 -0.00000000   -0.00000000  0.00000000    0.00000000  0.00000000
    1    4
  0.00000000  0.00000000    0.00000000  0.00000000    0.00000000  0.00000000
 -0.00000000  0.00000000    0.00000000  0.00000000    0.00000000 -0.00000000
  0.00000000  0.00000000   -0.00000000 -0.00000000    0.00000000 -0.00000000
    2    1
  0.04287242  0.00000000    0.08837953  0.00000000    0.00000000  0.00000000
  0.08837953  0.00000000    0.04287242  0.00000000   -0.00000000  0.00000000
  0.00000000  0.00000000   -0.00000000  0.00000000   -0.00880110  0.00000000
    2    2
  0.13666927  0.00000000   -0.00079849  0.00000000   -0.00000000  0.00000000
 -0.00079849  0.00000000    0.13666927  0.00000000    0.00000000  0.00000000
 -0.00000000  0.00000000    0.00000000  0.00000000   -0.01299866  0.00000000
    2    3
  0.00000000 -0.00000000   -0.00000000 -0.00000000    0.00000000  0.00000000
 -0.00000000 -0.00000000    0.00000000 -0.00000000   -0.00000000 -0.00000000
  0.00000000  0.00000000   -0.00000000 -0.00000000    0.00000000 -0.00000000
    2    4
  0.00000000  0.00000000   -0.00000000  0.00000000   -0.00000000 -0.00000000
 -0.00000000  0.00000000    0.00000000  0.00000000   -0.00000000  0.00000000
  0.00000000 -0.00000000   -0.00000000  0.00000000    0.00000000  0.00000000
    3    1
  0.00000000  0.00000000    0.00000000  0.00000000    0.00000000 -0.00000000
 -0.00000000  0.00000000    0.00000000  0.00000000    0.00000000  0.00000000
  0.00000000 -0.00000000   -0.00000000 -0.00000000    0.00000000 -0.00000000
    3    2
  0.00000000  0.00000000   -0.00000000  0.00000000   -0.00000000  0.00000000
  0.00000000  0.00000000    0.00000000  0.00000000    0.00000000 -0.00000000
  0.00000000  0.00000000   -0.00000000 -0.00000000   -0.00000000  0.00000000
    3    3
  0.16843856  0.00000000    0.00355847  0.00000000    0.00000000  0.00000000
  0.00355847  0.00000000    0.14156968  0.00000000    0.00000000  0.00000000
  0.00000000  0.00000000    0.00000000  0.00000000    0.14172415  0.00000000
    3    4
 -0.00658619 -0.00000000   -0.00169150 -0.00000000    0.00000000 -0.00000000
 -0.00982988 -0.00000000   -0.00658619 -0.00000000   -0.00000000  0.00000000
  0.00000000 -0.00000000   -0.00000000  0.00000000    0.06033637  0.00000000
    4    1
  0.00000000 -0.00000000    0.00000000 -0.00000000    0.00000000  0.00000000
  0.00000000 -0.00000000    0.00000000 -0.00000000    0.00000000  0.00000000
  0.00000000 -0.00000000    0.00000000  0.00000000    0.00000000  0.00000000
    4    2
 -0.00000000 -0.00000000   -0.00000000 -0.00000000   -0.00000000 -0.00000000
 -0.00000000 -0.00000000    0.00000000 -0.00000000   -0.00000000  0.00000000
  0.00000000 -0.00000000    0.00000000  0.00000000    0.00000000 -0.00000000
    4    3
 -0.00658619  0.00000000   -0.00982988  0.00000000    0.00000000  0.00000000
 -0.00169150  0.00000000   -0.00658619  0.00000000   -0.00000000 -0.00000000
  0.00000000  0.00000000    0.00000000 -0.00000000    0.06033637 -0.00000000
    4    4
  0.14156968  0.00000000    0.00355847  0.00000000    0.00000000  0.00000000
  0.00355847  0.00000000    0.16843856  0.00000000   -0.00000000  0.00000000
  0.00000000  0.00000000   -0.00000000  0.00000000    0.14172415  0.00000000

     Dynamical  Matrix in cartesian axes

     q = (    0.433012702  -0.433012702   0.000000000 ) 

    1    1
  0.81556704  0.00000000   -0.20796737  0.00000000    0.00000000  0.00000000
 -0.20796737  0.00000000    0.81556704  0.00000000    0.00000000  0.00000000
  0.00000000  0.00000000   -0.00000000  0.00000000    0.33299508  0.00000000
    1    2
  0.04287242  0.00000000   -0.08837953  0.00000000   -0.00000000  0.00000000
 -0.08837953  0.00000000    0.04287242  0.00000000    0.00000000  0.00000000
 -0.00000000  0.00000000    0.00000000  0.00000000   -0.00880110  0.00000000
    1    3
  0.00000000 -0.00000000   -0.00000000  0.00000000    0.00000000  0.00000000
 -0.00000000  0.00000000    0.00000000 -0.00000000    0.00000000 -0.00000000
  0.00000000 -0.00000000   -0.00000000  0.00000000   -0.00000000  0.00000000
    1    4
 -0.00000000 -0.00000000    0.00000000  0.00000000    0.00000000  0.00000000
  0.00000000  0.00000000   -0.00000000 -0.00000000    0.00000000 -0.00000000
 -0.00000000 -0.00000000   -0.00000000  0.00000000    0.00000000  0.00000000
    2    1
  0.04287242  0.00000000   -0.08837953  0.00000000   -0.00000000  0.00000000
 -0.08837953  0.00000000    0.04287242  0.00000000    0.00000000  0.00000000
 -0.00000000  0.00000000    0.00000000  0.00000000   -0.00880110  0.00000000
    2    2
  0.13666927  0.00000000    0.00079849  0.00000000   -0.00000000  0.00000000
  0.00079849  0.00000000    0.13666927  0.00000000    0.00000000  0.00000000
  0.00000000  0.00000000    0.00000000  0.00000000   -0.01299866  0.00000000
    2    3
  0.00000000 -0.00000000   -0.00000000  0.00000000    0.00000000  0.00000000
 -0.00000000  0.00000000    0.00000000 -0.00000000   -0.00000000  0.00000000
  0.00000000  0.00000000   -0.00000000 -0.00000000    0.00000000 -0.00000000
    2    4
 -0.00000000 -0.00000000    0.00000000  0.00000000   -0.00000000  0.00000000
 -0.00000000  0.00000000   -0.00000000 -0.00000000   -0.00000000  0.00000000
  0.00000000  0.00000000    0.00000000 -0.00000000    0.00000000 -0.00000000
    3    1
  0.00000000  0.00000000   -0.00000000 -0.00000000    0.00000000 -0.00000000
  0.00000000 -0.00000000    0.00000000  0.00000000   -0.00000000 -0.00000000
  0.00000000 -0.00000000    0.00000000  0.00000000    0.00000000 -0.00000000
    3    2
 -0.00000000  0.00000000    0.00000000 -0.00000000   -0.00000000  0.00000000
  0.00000000 -0.00000000    0.00000000  0.00000000    0.00000000 -0.00000000
 -0.00000000 -0.00000000    0.00000000  0.00000000   -0.00000000  0.00000000
    3    3
  0.16843856  0.00000000   -0.00355847  0.00000000    0.00000000  0.00000000
 -0.00355847  0.00000000    0.14156968  0.00000000    0.00000000  0.00000000
  0.00000000  0.00000000    0.00000000  0.00000000    0.14172415  0.00000000
    3    4
  0.00658619  0.00000000   -0.00169150  0.00000000    0.00000000  0.00000000
 -0.00982988  0.00000000    0.00658619  0.00000000    0.00000000  0.00000000
  0.00000000  0.00000000    0.00000000  0.00000000   -0.06033637  0.00000000
    4    1
  0.00000000  0.00000000    0.00000000 -0.00000000    0.00000000  0.00000000
  0.00000000 -0.00000000    0.00000000  0.00000000    0.00000000  0.00000000
 -0.00000000 -0.00000000    0.00000000  0.00000000   -0.00000000 -0.00000000
    4    2
  0.00000000  0.00000000   -0.00000000 -0.00000000    0.00000000  0.00000000
 -0.00000000 -0.00000000   -0.00000000  0.00000000   -0.00000000 -0.00000000
  0.00000000 -0.00000000   -0.00000000  0.00000000    0.00000000  0.00000000
    4    3
  0.00658619  0.00000000   -0.00982988  0.00000000    0.00000000  0.00000000
 -0.00169150  0.00000000    0.00658619  0.00000000    0.00000000  0.00000000
  0.00000000  0.00000000    0.00000000  0.00000000   -0.06033637  0.00000000
    4    4
  0.14156968  0.00000000   -0.00355847  0.00000000    0.00000000  0.00000000
 -0.00355847  0.00000000    0.16843856  0.00000000    0.00000000  0.00000000
  0.00000000  0.00000000    0.00000000  0.00000000    0.14172415  0.00000000

     Dynamical  Matrix in cartesian axes

     q = (    0.000000000   0.433012702   0.433012702 ) 

    1    1
  0.33299508  0.00000000    0.00000000  0.00000000   -0.00000000  0.00000000
 -0.00000000  0.00000000    0.81556704  0.00000000    0.20796737  0.00000000
 -0.00000000  0.00000000    0.20796737  0.00000000    0.81556704  0.00000000
    1    2
  0.00000000 -0.00000000   -0.00000000 -0.00000000    0.00000000  0.00000000
  0.00000000 -0.00000000    0.00000000  0.00000000    0.00000000  0.00000000
  0.00000000  0.00000000   -0.00000000  0.00000000    0.00000000  0.00000000
    1    3
  0.00880110  0.00000000   -0.00000000 -0.00000000    0.00000000  0.00000000
 -0.00000000 -0.00000000   -0.04287242 -0.00000000   -0.08837953 -0.00000000
  0.00000000  0.00000000   -0.08837953 -0.00000000   -0.04287242 -0.00000000
    1    4
  0.00000000 -0.00000000    0.00000000 -0.00000000    0.00000000  0.00000000
  0.00000000 -0.00000000    0.00000000  0.00000000    0.00000000  0.00000000
 -0.00000000  0.00000000    0.00000000  0.00000000   -0.00000000  0.00000000
    2    1
  0.00000000  0.00000000    0.00000000 -0.00000000    0.00000000 -0.00000000
  0.00000000 -0.00000000    0.00000000 -0.00000000    0.00000000 -0.00000000
  0.00000000  0.00000000    0.00000000 -0.00000000    0.00000000 -0.00000000
    2    2
  0.14172415  0.00000000    0.00000000  0.00000000    0.00000000  0.00000000
  0.00000000  0.00000000    0.14156968  0.00000000    0.00355847  0.00000000
  0.00000000  0.00000000    0.00355847  0.00000000    0.16843856  0.00000000
    2    3
  0.00000000  0.00000000   -0.00000000 -0.00000000    0.00000000  0.00000000
 -0.00000000 -0.00000000    0.00000000  0.00000000   -0.00000000  0.00000000
  0.00000000  0.00000000   -0.00000000  0.00000000    0.00000000  0.00000000
    2    4
 -0.06033637  0.00000000    0.00000000  0.00000000   -0.00000000  0.00000000
  0.00000000  0.00000000    0.00658619  0.00000000    0.00982988  0.00000000
 -0.00000000  0.00000000    0.00169150  0.00000000    0.00658619  0.00000000
    3    1
  0.00880110 -0.00000000    0.00000000  0.00000000   -0.00000000 -0.00000000
  0.00000000  0.00000000   -0.04287242  0.00000000   -0.08837953  0.00000000
 -0.00000000 -0.00000000   -0.08837953  0.00000000   -0.04287242  0.00000000
    3    2
 -0.00000000 -0.00000000    0.00000000 -0.00000000   -0.00000000  0.00000000
  0.00000000 -0.00000000   -0.00000000 -0.00000000    0.00000000 -0.00000000
 -0.00000000  0.00000000    0.00000000 -0.00000000   -0.00000000 -0.00000000
    3    3
 -0.01299866  0.00000000    0.00000000  0.00000000   -0.00000000  0.00000000
  0.00000000  0.00000000    0.13666927  0.00000000   -0.00079849  0.00000000
 -0.00000000  0.00000000   -0.00079849  0.00000000    0.13666927  0.00000000
    3    4
  0.00000000 -0.00000000    0.00000000 -0.00000000    0.00000000  0.00000000
  0.00000000 -0.00000000   -0.00000000 -0.00000000    0.00000000 -0.00000000
  0.00000000  0.00000000    0.00000000 -0.00000000    0.00000000 -0.00000000
    4    1
  0.00000000  0.00000000   -0.00000000  0.00000000    0.00000000 -0.00000000
  0.00000000  0.00000000    0.00000000 -0.00000000    0.00000000 -0.00000000
  0.00000000  0.00000000   -0.00000000 -0.00000000    0.00000000 -0.00000000
    4    2
 -0.06033637  0.00000000    0.00000000  0.00000000    0.00000000  0.00000000
  0.00000000  0.00000000    0.00658619  0.00000000    0.00169150  0.00000000
  0.00000000  0.00000000    0.00982988  0.00000000    0.00658619  0.00000000
    4    3
  0.00000000  0.00000000    0.00000000 -0.00000000   -0.00000000  0.00000000
  0.00000000 -0.00000000   -0.00000000  0.00000000    0.00000000  0.00000000
  0.00000000  0.00000000   -0.00000000  0.00000000   -0.00000000  0.00000000
    4    4
  0.14172415  0.00000000   -0.00000000  0.00000000    0.00000000  0.00000000
 -0.00000000  0.00000000    0.16843856  0.00000000    0.00355847  0.00000000
  0.00000000  0.00000000    0.00355847  0.00000000    0.14156968  0.00000000

     Dynamical  Matrix in cartesian axes

     q = (   -0.433012702   0.000000000   0.433012702 ) 

    1    1
  0.81556704  0.00000000   -0.00000000  0.00000000   -0.20796737  0.00000000
 -0.00000000  0.00000000    0.33299508  0.00000000    0.00000000  0.00000000
 -0.20796737  0.00000000    0.00000000  0.00000000    0.81556704  0.00000000
    1    2
  0.00000000  0.00000000   -0.00000000 -0.00000000    0.00000000 -0.00000000
 -0.00000000 -0.00000000    0.00000000 -0.00000000   -0.00000000 -0.00000000
 -0.00000000 -0.00000000    0.00000000 -0.00000000    0.00000000  0.00000000
    1    3
 -0.00000000  0.00000000    0.00000000 -0.00000000    0.00000000 -0.00000000
  0.00000000 -0.00000000   -0.00000000 -0.00000000    0.00000000 -0.00000000
  0.00000000 -0.00000000    0.00000000 -0.00000000    0.00000000  0.00000000
    1    4
 -0.04287242 -0.00000000    0.00000000 -0.00000000    0.08837953  0.00000000
 -0.00000000  0.00000000    0.00880110  0.00000000   -0.00000000 -0.00000000
  0.08837953  0.00000000    0.00000000 -0.00000000   -0.04287242 -0.00000000
    2    1
  0.00000000 -0.00000000    0.00000000 -0.00000000    0.00000000  0.00000000
  0.00000000  0.00000000    0.00000000  0.00000000    0.00000000 -0.00000000
  0.00000000  0.00000000    0.00000000 -0.00000000    0.00000000 -0.00000000
    2    2
  0.14156968  0.00000000    0.00000000  0.00000000   -0.00355847  0.00000000
  0.00000000  0.00000000    0.14172415  0.00000000    0.00000000  0.00000000
 -0.00355847  0.00000000    0.00000000  0.00000000    0.16843856  0.00000000
    2    3
  0.00658619  0.00000000    0.00000000  0.00000000   -0.00982988  0.00000000
  0.00000000  0.00000000   -0.06033637  0.00000000    0.00000000  0.00000000
 -0.00169150  0.00000000    0.00000000  0.00000000    0.00658619  0.00000000
    2    4
  0.00000000  0.00000000   -0.00000000 -0.00000000    0.00000000 -0.00000000
 -0.00000000 -0.00000000    0.00000000  0.00000000   -0.00000000 -0.00000000
  0.00000000 -0.00000000    0.00000000 -0.00000000    0.00000000  0.00000000
    3    1
  0.00000000 -0.00000000    0.00000000 -0.00000000    0.00000000  0.00000000
  0.00000000 -0.00000000    0.00000000  0.00000000    0.00000000  0.00000000
 -0.00000000  0.00000000    0.00000000  0.00000000   -0.00000000 -0.00000000
    3    2
  0.00658619  0.00000000    0.00000000  0.00000000   -0.00169150  0.00000000
  0.00000000  0.00000000   -0.06033637  0.00000000    0.00000000  0.00000000
 -0.00982988  0.00000000    0.00000000  0.00000000    0.00658619  0.00000000
    3    3
  0.16843856  0.00000000   -0.00000000  0.00000000   -0.00355847  0.00000000
 -0.00000000  0.00000000    0.14172415  0.00000000   -0.00000000  0.00000000
 -0.00355847  0.00000000   -0.00000000  0.00000000    0.14156968  0.00000000
    3    4
  0.00000000  0.00000000    0.00000000 -0.00000000    0.00000000 -0.00000000
 -0.00000000 -0.00000000    0.00000000  0.00000000   -0.00000000 -0.00000000
  0.00000000 -0.00000000    0.00000000 -0.00000000   -0.00000000  0.00000000
    4    1
 -0.04287242  0.00000000    0.00000000  0.00000000    0.08837953 -0.00000000
  0.00000000  0.00000000    0.00880110 -0.00000000    0.00000000  0.00000000
  0.08837953 -0.00000000    0.00000000  0.00000000   -0.04287242  0.00000000
    4    2
 -0.00000000 -0.00000000    0.00000000 -0.00000000    0.00000000  0.00000000
 -0.00000000 -0.00000000    0.00000000 -0.00000000   -0.00000000 -0.00000000
 -0.00000000  0.00000000    0.00000000 -0.00000000    0.00000000 -0.00000000
    4    3
  0.00000000 -0.00000000   -0.00000000 -0.00000000   -0.00000000  0.00000000
 -0.00000000 -0.00000000    0.00000000 -0.00000000    0.00000000 -0.00000000
  0.00000000  0.00000000   -0.00000000 -0.00000000    0.00000000 -0.00000000
    4    4
  0.13666927  0.00000000    0.00000000  0.00000000    0.00079849  0.00000000
  0.00000000  0.00000000   -0.01299866  0.00000000    0.00000000  0.00000000
  0.00079849  0.00000000    0.00000000  0.00000000    0.13666927  0.00000000

     Dynamical  Matrix in cartesian axes

     q = (   -0.433012702   0.000000000  -0.433012702 ) 

    1    1
  0.81556704  0.00000000   -0.00000000  0.00000000    0.20796737  0.00000000
 -0.00000000  0.00000000    0.33299508  0.00000000   -0.00000000  0.00000000
  0.20796737  0.00000000   -0.00000000  0.00000000    0.81556704  0.00000000
    1    2
  0.00000000 -0.00000000    0.00000000 -0.00000000    0.00000000 -0.00000000
  0.00000000  0.00000000   -0.00000000  0.00000000    0.00000000  0.00000000
 -0.00000000 -0.00000000    0.00000000  0.00000000    0.00000000 -0.00000000
    1    3
  0.00000000 -0.00000000   -0.00000000  0.00000000    0.00000000 -0.00000000
  0.00000000 -0.00000000    0.00000000  0.00000000   -0.00000000  0.00000000
  0.00000000 -0.00000000    0.00000000 -0.00000000    0.00000000 -0.00000000
    1    4
  0.04287242  0.00000000    0.00000000  0.00000000    0.08837953  0.00000000
  0.00000000  0.00000000   -0.00880110  0.00000000    0.00000000  0.00000000
  0.08837953  0.00000000    0.00000000  0.00000000    0.04287242  0.00000000
    2    1
  0.00000000  0.00000000    0.00000000  0.00000000    0.00000000  0.00000000
  0.00000000  0.00000000    0.00000000 -0.00000000    0.00000000  0.00000000
  0.00000000  0.00000000    0.00000000 -0.00000000    0.00000000  0.00000000
    2    2
  0.14156968  0.00000000    0.00000000  0.00000000    0.00355847  0.00000000
  0.00000000  0.00000000    0.14172415  0.00000000    0.00000000  0.00000000
  0.00355847  0.00000000    0.00000000  0.00000000    0.16843856  0.00000000
    2    3
  0.00658619  0.00000000    0.00000000  0.00000000    0.00982988  0.00000000
  0.00000000  0.00000000   -0.06033637  0.00000000    0.00000000  0.00000000
  0.00169150  0.00000000    0.00000000  0.00000000    0.00658619  0.00000000
    2    4
 -0.00000000  0.00000000    0.00000000  0.00000000   -0.00000000  0.00000000
  0.00000000  0.00000000   -0.00000000  0.00000000    0.00000000  0.00000000
 -0.00000000  0.00000000    0.00000000  0.00000000   -0.00000000  0.00000000
    3    1
  0.00000000  0.00000000    0.00000000  0.00000000    0.00000000  0.00000000
  0.00000000  0.00000000   -0.00000000 -0.00000000    0.00000000  0.00000000
 -0.00000000  0.00000000    0.00000000  0.00000000    0.00000000  0.00000000
    3    2
  0.00658619  0.00000000    0.00000000  0.00000000    0.00169150  0.00000000
  0.00000000  0.00000000   -0.06033637  0.00000000    0.00000000  0.00000000
  0.00982988  0.00000000    0.00000000  0.00000000    0.00658619  0.00000000
    3    3
  0.16843856  0.00000000    0.00000000  0.00000000    0.00355847  0.00000000
  0.00000000  0.00000000    0.14172415  0.00000000    0.00000000  0.00000000
  0.00355847  0.00000000    0.00000000  0.00000000    0.14156968  0.00000000
    3    4
 -0.00000000  0.00000000    0.00000000 -0.00000000    0.00000000  0.00000000
 -0.00000000  0.00000000    0.00000000  0.00000000   -0.00000000  0.00000000
 -0.00000000  0.00000000    0.00000000 -0.00000000    0.00000000  0.00000000
    4    1
  0.04287242  0.00000000    0.00000000  0.00000000    0.08837953  0.00000000
  0.00000000  0.00000000   -0.00880110  0.00000000    0.00000000  0.00000000
  0.08837953  0.00000000    0.00000000  0.00000000    0.04287242  0.00000000
    4    2
  0.00000000 -0.00000000    0.00000000 -0.00000000    0.00000000 -0.00000000
 -0.00000000 -0.00000000    0.00000000 -0.00000000    0.00000000 -0.00000000
  0.00000000 -0.00000000   -0.00000000  0.00000000    0.00000000 -0.00000000
    4    3
  0.00000000 -0.00000000    0.00000000 -0.00000000    0.00000000 -0.00000000
 -0.00000000 -0.00000000    0.00000000 -0.00000000   -0.00000000 -0.00000000
  0.00000000 -0.00000000    0.00000000  0.00000000   -0.00000000 -0.00000000
    4    4
  0.13666927  0.00000000    0.00000000  0.00000000   -0.00079849  0.00000000
 -0.00000000  0.00000000   -0.01299866  0.00000000    0.00000000  0.00000000
 -0.00079849  0.00000000    0.00000000  0.00000000    0.13666927  0.00000000

     Diagonalizing the dynamical matrix

     q = (    0.000000000   0.433012702  -0.433012702 ) 

 **************************************************************************
     freq (    1) =     -12.423621 [THz] =    -414.407390 [cm-1]
 (  0.011739  0.000000  0.000000  0.000000 -0.000000  0.000000 ) 
 ( -0.000000  0.000000  0.000000  0.000000  0.000000  0.000000 ) 
 (  0.999931  0.000000 -0.000000  0.000000 -0.000000  0.000000 ) 
 ( -0.000000  0.000000  0.000000  0.000000  0.000000  0.000000 ) 
     freq (    2) =      11.160394 [THz] =     372.270661 [cm-1]
 (  0.936828  0.000000 -0.000000  0.000000  0.000000  0.000000 ) 
 (  0.000000  0.000000 -0.000000  0.000000 -0.000000  0.000000 ) 
 ( -0.349789  0.000000  0.000000  0.000000 -0.000000  0.000000 ) 
 (  0.000000  0.000000 -0.000000  0.000000 -0.000000  0.000000 ) 
     freq (    3) =      14.785024 [THz] =     493.175316 [cm-1]
 (  0.000000  0.000000 -0.660399  0.000000 -0.660399  0.000000 ) 
 ( -0.000000  0.000000 -0.000000  0.000000 -0.000000  0.000000 ) 
 (  0.000000  0.000000 -0.252732  0.000000 -0.252732  0.000000 ) 
 (  0.000000  0.000000 -0.000000  0.000000 -0.000000  0.000000 ) 
     freq (    4) =      17.899449 [THz] =     597.061368 [cm-1]
 ( -0.000000  0.000000 -0.450955  0.000000  0.450955  0.000000 ) 
 ( -0.000000  0.000000 -0.000000  0.000000 -0.000000  0.000000 ) 
 (  0.000000  0.000000  0.544646  0.000000 -0.544646  0.000000 ) 
 ( -0.000000  0.000000 -0.000000  0.000000 -0.000000  0.000000 ) 
     freq (    5) =      30.964163 [THz] =    1032.853291 [cm-1]
 (  0.000000  0.000000  0.000000  0.000000 -0.000000  0.000000 ) 
 ( -0.707107  0.000000  0.000000  0.000000  0.000000  0.000000 ) 
 ( -0.000000  0.000000  0.000000  0.000000 -0.000000  0.000000 ) 
 ( -0.707107  0.000000  0.000000  0.000000 -0.000000  0.000000 ) 
     freq (    6) =      39.355853 [THz] =    1312.769966 [cm-1]
 ( -0.000000  0.000000  0.000000  0.000000 -0.000000  0.000000 ) 
 (  0.000000  0.000000 -0.704515  0.000000  0.060483  0.000000 ) 
 (  0.000000  0.000000 -0.000000  0.000000 -0.000000  0.000000 ) 
 ( -0.000000  0.000000  0.060483  0.000000 -0.704515  0.000000 ) 
     freq (    7) =      40.322120 [THz] =    1345.001150 [cm-1]
 ( -0.000000  0.000000  0.008508  0.000000  0.008508  0.000000 ) 
 ( -0.000000  0.000000 -0.000000  0.000000 -0.000000  0.000000 ) 
 (  0.000000  0.000000 -0.707056  0.000000 -0.707056  0.000000 ) 
 ( -0.000000  0.000000 -0.000000  0.000000  0.000000  0.000000 ) 
     freq (    8) =      40.734801 [THz] =    1358.766714 [cm-1]
 (  0.000000  0.000000  0.026832  0.000000 -0.026832  0.000000 ) 
 (  0.000000  0.000000 -0.000000  0.000000 -0.000000  0.000000 ) 
 ( -0.000000  0.000000  0.706598  0.000000 -0.706598  0.000000 ) 
 (  0.000000  0.000000 -0.000000  0.000000  0.000000  0.000000 ) 
     freq (    9) =      41.607982 [THz] =    1387.892876 [cm-1]
 ( -0.000000  0.000000 -0.000000  0.000000  0.000000  0.000000 ) 
 ( -0.000000  0.000000 -0.647749  0.000000 -0.283586  0.000000 ) 
 (  0.000000  0.000000 -0.000000  0.000000  0.000000  0.000000 ) 
 ( -0.000000  0.000000  0.283586  0.000000  0.647749  0.000000 ) 
     freq (   10) =      44.355456 [THz] =    1479.538746 [cm-1]
 (  0.000000  0.000000  0.000000  0.000000 -0.000000  0.000000 ) 
 (  0.000000  0.000000  0.060483  0.000000  0.704515  0.000000 ) 
 (  0.000000  0.000000  0.000000  0.000000 -0.000000  0.000000 ) 
 ( -0.000000  0.000000  0.704515  0.000000  0.060483  0.000000 ) 
     freq (   11) =      45.348848 [THz] =    1512.674758 [cm-1]
 ( -0.000000  0.000000 -0.000000  0.000000  0.000000  0.000000 ) 
 ( -0.000000  0.000000 -0.283586  0.000000  0.647749  0.000000 ) 
 (  0.000000  0.000000 -0.000000  0.000000  0.000000  0.000000 ) 
 ( -0.000000  0.000000 -0.647749  0.000000  0.283586  0.000000 ) 
     freq (   12) =      48.788835 [THz] =    1627.420364 [cm-1]
 ( -0.000000  0.000000 -0.000000  0.000000  0.000000  0.000000 ) 
 ( -0.707107  0.000000 -0.000000  0.000000  0.000000  0.000000 ) 
 (  0.000000  0.000000 -0.000000  0.000000  0.000000  0.000000 ) 
 (  0.707107  0.000000  0.000000  0.000000 -0.000000  0.000000 ) 
 **************************************************************************
