Dynamical matrix file
                                                                           
  2    4  0  4.8894447  0.0000000  0.0000000  0.0000000  0.0000000  0.0000000
Basis vectors
      0.577350269    0.577350269    0.577350269
     -0.577350269    0.577350269    0.577350269
     -0.577350269   -0.577350269    0.577350269
           1  'S   '    29220.902402760657     
           2  'H   '    918.73579606933072     
    1    1      0.0000000000      0.0000000000      0.0000000000
    2    2      0.0000000000      0.0000000000      0.5773502691
    3    2      0.0000000000      0.5773502691      0.5773502691
    4    2     -0.5773502691      0.0000000000      0.5773502691

     Dynamical  Matrix in cartesian axes

     q = (    0.000000000   0.000000000  -0.866025404 ) 

    1    1
  0.79901438  0.00000000    0.00000000  0.00000000    0.00000000  0.00000000
  0.00000000  0.00000000    0.79901438  0.00000000    0.00000000  0.00000000
  0.00000000  0.00000000    0.00000000  0.00000000    0.79901438  0.00000000
    1    2
  0.08305771 -0.00000000    0.00000000  0.00000000   -0.00000000 -0.00000000
  0.00000000  0.00000000    0.08305771 -0.00000000    0.00000000 -0.00000000
 -0.00000000 -0.00000000    0.00000000  0.00000000   -0.22549219  0.00000000
    1    3
  0.22549219 -0.00000000   -0.00000000  0.00000000    0.00000000 -0.00000000
 -0.00000000  0.00000000   -0.08305771  0.00000000   -0.00000000  0.00000000
  0.00000000  0.00000000   -0.00000000  0.00000000   -0.08305771  0.00000000
    1    4
 -0.08305771  0.00000000   -0.00000000  0.00000000    0.00000000 -0.00000000
 -0.00000000  0.00000000    0.22549219 -0.00000000   -0.00000000  0.00000000
  0.00000000 -0.00000000   -0.00000000  0.00000000   -0.08305771  0.00000000
    2    1
  0.08305771  0.00000000    0.00000000 -0.00000000   -0.00000000  0.00000000
  0.00000000 -0.00000000    0.08305771  0.00000000    0.00000000 -0.00000000
 -0.00000000  0.00000000    0.00000000 -0.00000000   -0.22549219 -0.00000000
    2    2
  0.14656722  0.00000000   -0.00000000  0.00000000   -0.00000000  0.00000000
 -0.00000000  0.00000000    0.14656722  0.00000000   -0.00000000  0.00000000
 -0.00000000  0.00000000   -0.00000000  0.00000000    0.10545058  0.00000000
    2    3
  0.00750138  0.00000000    0.00000000  0.00000000   -0.00000000  0.00000000
  0.00000000  0.00000000   -0.08474546  0.00000000    0.00000000  0.00000000
 -0.00000000  0.00000000    0.00000000  0.00000000    0.00750138  0.00000000
    2    4
 -0.08474546  0.00000000    0.00000000  0.00000000   -0.00000000  0.00000000
  0.00000000  0.00000000    0.00750138  0.00000000    0.00000000  0.00000000
 -0.00000000  0.00000000    0.00000000  0.00000000    0.00750138  0.00000000
    3    1
  0.22549219  0.00000000   -0.00000000  0.00000000    0.00000000  0.00000000
 -0.00000000 -0.00000000   -0.08305771 -0.00000000   -0.00000000  0.00000000
  0.00000000 -0.00000000   -0.00000000  0.00000000   -0.08305771 -0.00000000
    3    2
  0.00750138  0.00000000    0.00000000  0.00000000   -0.00000000  0.00000000
  0.00000000  0.00000000   -0.08474546  0.00000000    0.00000000  0.00000000
 -0.00000000  0.00000000    0.00000000  0.00000000    0.00750138  0.00000000
    3    3
  0.10545058  0.00000000   -0.00000000  0.00000000    0.00000000  0.00000000
 -0.00000000  0.00000000    0.14656722  0.00000000   -0.00000000  0.00000000
  0.00000000  0.00000000   -0.00000000  0.00000000    0.14656722  0.00000000
    3    4
 -0.00750138  0.00000000   -0.00000000  0.00000000    0.00000000  0.00000000
 -0.00000000  0.00000000   -0.00750138  0.00000000   -0.00000000  0.00000000
  0.00000000  0.00000000   -0.00000000  0.00000000    0.08474546  0.00000000
    4    1
 -0.08305771 -0.00000000   -0.00000000  0.00000000    0.00000000 -0.00000000
 -0.00000000  0.00000000    0.22549219  0.00000000   -0.00000000  0.00000000
  0.00000000 -0.00000000   -0.00000000  0.00000000   -0.08305771 -0.00000000
    4    2
 -0.08474546  0.00000000    0.00000000  0.00000000   -0.00000000  0.00000000
  0.00000000  0.00000000    0.00750138  0.00000000    0.00000000  0.00000000
 -0.00000000  0.00000000    0.00000000  0.00000000    0.00750138  0.00000000
    4    3
 -0.00750138  0.00000000   -0.00000000  0.00000000    0.00000000  0.00000000
 -0.00000000  0.00000000   -0.00750138  0.00000000   -0.00000000  0.00000000
  0.00000000  0.00000000   -0.00000000  0.00000000    0.08474546  0.00000000
    4    4
  0.14656722  0.00000000   -0.00000000  0.00000000    0.00000000  0.00000000
 -0.00000000  0.00000000    0.10545058  0.00000000   -0.00000000  0.00000000
  0.00000000  0.00000000   -0.00000000  0.00000000    0.14656722  0.00000000

     Diagonalizing the dynamical matrix

     q = (    0.000000000   0.000000000  -0.866025404 ) 

 **************************************************************************
     freq (    1) =       9.441620 [THz] =     314.938559 [cm-1]
 ( -0.107854  0.000000  0.129964 -0.000000  0.361719 -0.000000 ) 
 (  0.031871  0.000000 -0.038404  0.000000  0.816902 -0.000000 ) 
 (  0.243577  0.000000  0.038404  0.000000  0.106888 -0.000000 ) 
 ( -0.031871  0.000000 -0.293508  0.000000  0.106888 -0.000000 ) 
     freq (    2) =       9.441620 [THz] =     314.938559 [cm-1]
 ( -0.370391  0.000000 -0.135498  0.000000 -0.061757  0.000000 ) 
 (  0.109450  0.000000  0.040040  0.000000 -0.139471  0.000000 ) 
 (  0.836488  0.000000 -0.040040  0.000000 -0.018249  0.000000 ) 
 ( -0.109450  0.000000  0.306008  0.000000 -0.018249  0.000000 ) 
     freq (    3) =       9.441620 [THz] =     314.938559 [cm-1]
 ( -0.102670  0.000000  0.352297  0.000000 -0.157192  0.000000 ) 
 (  0.030339 -0.000000 -0.104104  0.000000 -0.355000  0.000000 ) 
 (  0.231868 -0.000000  0.104104 -0.000000 -0.046450  0.000000 ) 
 ( -0.030339  0.000000 -0.795624  0.000000 -0.046450  0.000000 ) 
     freq (    4) =      26.986737 [THz] =     900.180664 [cm-1]
 (  0.000000 -0.000000 -0.000000  0.000000  0.000000 -0.000000 ) 
 (  0.249828 -0.000000 -0.188490  0.000000  0.000000 -0.000000 ) 
 (  0.000000 -0.000000 -0.188490  0.000000 -0.634080  0.000000 ) 
 (  0.249828 -0.000000 -0.000000  0.000000  0.634080 -0.000000 ) 
     freq (    5) =      26.986737 [THz] =     900.180664 [cm-1]
 ( -0.000000  0.000000 -0.000000  0.000000 -0.000000  0.000000 ) 
 (  0.492631  0.000000  0.505361  0.000000  0.000000  0.000000 ) 
 ( -0.000000  0.000000  0.505361  0.000000  0.043871  0.000000 ) 
 (  0.492631  0.000000 -0.000000  0.000000 -0.043871  0.000000 ) 
     freq (    6) =      26.986737 [THz] =     900.180664 [cm-1]
 ( -0.000000  0.000000  0.000000  0.000000 -0.000000  0.000000 ) 
 ( -0.441475  0.000000  0.457255  0.000000  0.000000  0.000000 ) 
 ( -0.000000  0.000000  0.457255  0.000000 -0.309868  0.000000 ) 
 ( -0.441475  0.000000  0.000000  0.000000  0.309868  0.000000 ) 
     freq (    7) =      37.472833 [THz] =    1249.959171 [cm-1]
 (  0.060863  0.000000 -0.002671  0.000000 -0.029580  0.000000 ) 
 ( -0.104266  0.000000  0.004576 -0.000000  0.429839  0.000000 ) 
 (  0.884435  0.000000 -0.004576  0.000000 -0.050674  0.000000 ) 
 (  0.104266  0.000000 -0.038814  0.000000 -0.050674  0.000000 ) 
     freq (    8) =      37.472833 [THz] =    1249.959171 [cm-1]
 (  0.029230  0.000000  0.017341  0.000000  0.058577  0.000000 ) 
 ( -0.050074  0.000000 -0.029707  0.000000 -0.851222  0.000000 ) 
 (  0.424756  0.000000  0.029707  0.000000  0.100350  0.000000 ) 
 (  0.050074  0.000000  0.251987  0.000000  0.100350  0.000000 ) 
     freq (    9) =      37.472833 [THz] =    1249.959171 [cm-1]
 ( -0.005264  0.000000  0.065411  0.000000 -0.016737  0.000000 ) 
 (  0.009017  0.000000 -0.112057  0.000000  0.243215 -0.000000 ) 
 ( -0.076490  0.000000  0.112057  0.000000 -0.028673  0.000000 ) 
 ( -0.009017  0.000000  0.950521  0.000000 -0.028673  0.000000 ) 
     freq (   10) =      52.628776 [THz] =    1755.506993 [cm-1]
 (  0.006600  0.000000  0.008547  0.000000  0.018546 -0.000000 ) 
 (  0.215876  0.000000  0.279558  0.000000 -0.102438  0.000000 ) 
 (  0.036454  0.000000 -0.279558  0.000000 -0.606621  0.000000 ) 
 ( -0.215876  0.000000  0.047208  0.000000 -0.606621  0.000000 ) 
     freq (   11) =      52.628776 [THz] =    1755.506993 [cm-1]
 ( -0.016986  0.000000  0.013116  0.000000 -0.000000  0.000000 ) 
 ( -0.555588  0.000000  0.429029  0.000000  0.000000  0.000000 ) 
 ( -0.093820  0.000000 -0.429029  0.000000  0.000000  0.000000 ) 
 (  0.555588  0.000000  0.072448  0.000000 -0.000000  0.000000 ) 
     freq (   12) =      52.628776 [THz] =    1755.506993 [cm-1]
 ( -0.011335  0.000000 -0.014679  0.000000  0.010798  0.000000 ) 
 ( -0.370761  0.000000 -0.480131  0.000000 -0.059645  0.000000 ) 
 ( -0.062609  0.000000  0.480131 -0.000000 -0.353207  0.000000 ) 
 (  0.370761 -0.000000 -0.081078  0.000000 -0.353207  0.000000 ) 
 **************************************************************************
