Dynamical matrix file
File generated with the CellConstructor by Lorenzo Monacelli
1 2 0     1.8897259890000000     0.0000000000000000     0.0000000000000000     0.0000000000000000     0.0000000000000000     0.0000000000000000
Basis vectors
    2.7154799999999999     2.7154799999999999     0.0000000000000000
    2.7154799999999999     0.0000000000000000     2.7154799999999999
    0.0000000000000000     2.7154799999999999     2.7154799999999999
	1  'Si '  25597.9124185021937592
    1     1    -0.0000000000000004     0.0000000000000004     0.0000000000000004
    2     1     1.3577400000000002     1.3577400000000006     1.3577400000000004

     Dynamical Matrix in cartesian axes

     q = (     0.000000000000     0.000000000000     0.000000000000 )

    1    1
     0.2590944141379855     0.0000000000000000        0.0000000000000001     0.0000000000000000       -0.0000000000000000     0.0000000000000000
     0.0000000000000001     0.0000000000000000        0.2590944141379854     0.0000000000000000       -0.0000000000000002     0.0000000000000000
    -0.0000000000000000     0.0000000000000000       -0.0000000000000002     0.0000000000000000        0.2590944141379854     0.0000000000000000
    1    2
    -0.2590944141379856     0.0000000000000000       -0.0000000000000000     0.0000000000000000        0.0000000000000000     0.0000000000000000
    -0.0000000000000001     0.0000000000000000       -0.2590944141379856     0.0000000000000000        0.0000000000000002     0.0000000000000000
     0.0000000000000001     0.0000000000000000        0.0000000000000002     0.0000000000000000       -0.2590944141379856     0.0000000000000000
    2    1
    -0.2590944141379856     0.0000000000000000       -0.0000000000000001     0.0000000000000000        0.0000000000000001     0.0000000000000000
    -0.0000000000000000     0.0000000000000000       -0.2590944141379856     0.0000000000000000        0.0000000000000002     0.0000000000000000
     0.0000000000000001     0.0000000000000000        0.0000000000000002     0.0000000000000000       -0.2590944141379855     0.0000000000000000
    2    2
     0.2590944141379858     0.0000000000000000        0.0000000000000001     0.0000000000000000       -0.0000000000000001     0.0000000000000000
     0.0000000000000001     0.0000000000000000        0.2590944141379858     0.0000000000000000       -0.0000000000000001     0.0000000000000000
    -0.0000000000000001     0.0000000000000000       -0.0000000000000001     0.0000000000000000        0.2590944141379858     0.0000000000000000

     Diagonalizing the dynamical matrix

     q = (     0.000000000000     0.000000000000     0.000000000000 )

***************************************************************************
   freq (    1) =    -0.00000009 [THz] =    -0.00000305 [cm-1]
(   0.699099  0.000000  -0.097697  0.000000   0.041428  0.000000 )
(   0.699099  0.000000  -0.097697  0.000000   0.041428  0.000000 )
   freq (    2) =     0.00000020 [THz] =     0.00000677 [cm-1]
(   0.002505  0.000000   0.291167  0.000000   0.644372  0.000000 )
(   0.002505  0.000000   0.291167  0.000000   0.644372  0.000000 )
   freq (    3) =     0.00000026 [THz] =     0.00000855 [cm-1]
(  -0.106088  0.000000  -0.636928  0.000000   0.288216  0.000000 )
(  -0.106088  0.000000  -0.636928  0.000000   0.288216  0.000000 )
   freq (    4) =    14.80188490 [THz] =   493.73766382 [cm-1]
(  -0.042416  0.000000  -0.451763  0.000000  -0.542320  0.000000 )
(   0.042416  0.000000   0.451763  0.000000   0.542320  0.000000 )
   freq (    5) =    14.80188490 [THz] =   493.73766382 [cm-1]
(  -0.515182  0.000000   0.391193  0.000000  -0.285579  0.000000 )
(   0.515182  0.000000  -0.391193  0.000000   0.285579  0.000000 )
   freq (    6) =    14.80188490 [THz] =   493.73766382 [cm-1]
(  -0.482481  0.000000  -0.377992  0.000000   0.352610  0.000000 )
(   0.482481  0.000000   0.377992  0.000000  -0.352610  0.000000 )
***************************************************************************
