Dynamical matrix file
File generated with the CellConstructor by Lorenzo Monacelli
1 2 0     1.8897259890000000     0.0000000000000000     0.0000000000000000     0.0000000000000000     0.0000000000000000     0.0000000000000000
Basis vectors
    2.7154799999999999     2.7154799999999999     0.0000000000000000
    2.7154799999999999     0.0000000000000000     2.7154799999999999
    0.0000000000000000     2.7154799999999999     2.7154799999999999
	1  'Si '  25597.9124185021937592
    1     1    -0.0000000000000004     0.0000000000000004     0.0000000000000004
    2     1     1.3577400000000002     1.3577400000000006     1.3577400000000004

     Dynamical Matrix in cartesian axes

     q = (     0.092064754666     0.092064754666    -0.092064754666 )

    1    1
     0.2749110163951162     0.0000000000000000        0.0187616737939293     0.0000000000000000       -0.0187616737939294    -0.0000000000000000
     0.0187616737939293    -0.0000000000000000        0.2749110163951162     0.0000000000000000       -0.0187616737939295     0.0000000000000000
    -0.0187616737939294     0.0000000000000000       -0.0187616737939295    -0.0000000000000000        0.2749110163951162    -0.0000000000000000
    1    2
    -0.1450170224563140     0.0000000031694479        0.0916577820034766    -0.0000000020032446       -0.0916577820034767     0.0000000020032446
     0.0916577820034768    -0.0000000020032446       -0.1450170224563140     0.0000000031694479       -0.0916577820034767     0.0000000020032446
    -0.0916577820034767     0.0000000020032446       -0.0916577820034767     0.0000000020032446       -0.1450170224563141     0.0000000031694479
    2    1
    -0.1450170224563140    -0.0000000031694479        0.0916577820034768     0.0000000020032446       -0.0916577820034767    -0.0000000020032446
     0.0916577820034766     0.0000000020032446       -0.1450170224563140    -0.0000000031694479       -0.0916577820034767    -0.0000000020032446
    -0.0916577820034767    -0.0000000020032446       -0.0916577820034767    -0.0000000020032446       -0.1450170224563141    -0.0000000031694479
    2    2
     0.2749110163951162     0.0000000000000000        0.0187616737939292     0.0000000000000000       -0.0187616737939293     0.0000000000000000
     0.0187616737939292    -0.0000000000000000        0.2749110163951161    -0.0000000000000000       -0.0187616737939292    -0.0000000000000000
    -0.0187616737939293    -0.0000000000000000       -0.0187616737939293     0.0000000000000000        0.2749110163951161    -0.0000000000000000

     Dynamical Matrix in cartesian axes

     q = (    -0.092064754666    -0.092064754666    -0.092064754666 )

    1    1
     0.2749110163951161    -0.0000000000000000        0.0187616737939294    -0.0000000000000000        0.0187616737939294     0.0000000000000000
     0.0187616737939294     0.0000000000000000        0.2749110163951163    -0.0000000000000000        0.0187616737939293    -0.0000000000000000
     0.0187616737939294    -0.0000000000000000        0.0187616737939293     0.0000000000000000        0.2749110163951161    -0.0000000000000000
    1    2
     0.1450170224563137     0.0000000095083433       -0.0916577820034765    -0.0000000060097335       -0.0916577820034765    -0.0000000060097335
    -0.0916577820034765    -0.0000000060097335        0.1450170224563138     0.0000000095083433       -0.0916577820034765    -0.0000000060097335
    -0.0916577820034765    -0.0000000060097335       -0.0916577820034765    -0.0000000060097335        0.1450170224563137     0.0000000095083433
    2    1
     0.1450170224563137    -0.0000000095083433       -0.0916577820034765     0.0000000060097335       -0.0916577820034765     0.0000000060097335
    -0.0916577820034765     0.0000000060097335        0.1450170224563138    -0.0000000095083433       -0.0916577820034765     0.0000000060097335
    -0.0916577820034765     0.0000000060097335       -0.0916577820034765     0.0000000060097335        0.1450170224563137    -0.0000000095083433
    2    2
     0.2749110163951163    -0.0000000000000000        0.0187616737939293    -0.0000000000000000        0.0187616737939293    -0.0000000000000000
     0.0187616737939293     0.0000000000000000        0.2749110163951162     0.0000000000000000        0.0187616737939294     0.0000000000000000
     0.0187616737939293     0.0000000000000000        0.0187616737939294    -0.0000000000000000        0.2749110163951162    -0.0000000000000000

     Dynamical Matrix in cartesian axes

     q = (    -0.092064754666     0.092064754666     0.092064754666 )

    1    1
     0.2749110163951163     0.0000000000000000       -0.0187616737939294     0.0000000000000000       -0.0187616737939294     0.0000000000000000
    -0.0187616737939294    -0.0000000000000000        0.2749110163951159     0.0000000000000000        0.0187616737939296    -0.0000000000000000
    -0.0187616737939293    -0.0000000000000000        0.0187616737939296     0.0000000000000000        0.2749110163951159     0.0000000000000000
    1    2
    -0.1450170224563140     0.0000000031694477       -0.0916577820034767     0.0000000020032444       -0.0916577820034767     0.0000000020032444
    -0.0916577820034767     0.0000000020032444       -0.1450170224563138     0.0000000031694477        0.0916577820034765    -0.0000000020032444
    -0.0916577820034767     0.0000000020032444        0.0916577820034766    -0.0000000020032444       -0.1450170224563140     0.0000000031694477
    2    1
    -0.1450170224563140    -0.0000000031694477       -0.0916577820034767    -0.0000000020032444       -0.0916577820034767    -0.0000000020032444
    -0.0916577820034767    -0.0000000020032444       -0.1450170224563138    -0.0000000031694477        0.0916577820034766     0.0000000020032444
    -0.0916577820034767    -0.0000000020032444        0.0916577820034765     0.0000000020032444       -0.1450170224563140    -0.0000000031694477
    2    2
     0.2749110163951162    -0.0000000000000000       -0.0187616737939292     0.0000000000000000       -0.0187616737939293     0.0000000000000000
    -0.0187616737939292     0.0000000000000000        0.2749110163951162    -0.0000000000000000        0.0187616737939293    -0.0000000000000000
    -0.0187616737939293     0.0000000000000000        0.0187616737939293     0.0000000000000000        0.2749110163951162     0.0000000000000000

     Dynamical Matrix in cartesian axes

     q = (     0.092064754666    -0.092064754666     0.092064754666 )

    1    1
     0.2749110163951160     0.0000000000000000       -0.0187616737939294    -0.0000000000000000        0.0187616737939294    -0.0000000000000000
    -0.0187616737939294     0.0000000000000000        0.2749110163951164    -0.0000000000000000       -0.0187616737939294     0.0000000000000000
     0.0187616737939294     0.0000000000000000       -0.0187616737939294    -0.0000000000000000        0.2749110163951167    -0.0000000000000000
    1    2
    -0.1450170224563140     0.0000000031694478       -0.0916577820034766     0.0000000020032445        0.0916577820034766    -0.0000000020032445
    -0.0916577820034767     0.0000000020032445       -0.1450170224563142     0.0000000031694478       -0.0916577820034767     0.0000000020032445
     0.0916577820034768    -0.0000000020032445       -0.0916577820034768     0.0000000020032445       -0.1450170224563141     0.0000000031694478
    2    1
    -0.1450170224563140    -0.0000000031694478       -0.0916577820034766    -0.0000000020032445        0.0916577820034768     0.0000000020032445
    -0.0916577820034766    -0.0000000020032445       -0.1450170224563141    -0.0000000031694478       -0.0916577820034768    -0.0000000020032445
     0.0916577820034766     0.0000000020032445       -0.0916577820034767    -0.0000000020032445       -0.1450170224563141    -0.0000000031694478
    2    2
     0.2749110163951161    -0.0000000000000000       -0.0187616737939293     0.0000000000000000        0.0187616737939293     0.0000000000000000
    -0.0187616737939293    -0.0000000000000000        0.2749110163951163     0.0000000000000000       -0.0187616737939292     0.0000000000000000
     0.0187616737939293    -0.0000000000000000       -0.0187616737939292    -0.0000000000000000        0.2749110163951161     0.0000000000000000

     Diagonalizing the dynamical matrix

     q = (     0.092064754666     0.092064754666    -0.092064754666 )

***************************************************************************
   freq (    1) =     2.86950234 [THz] =    95.71628150 [cm-1]
(  -0.037580  0.000000  -0.480150  0.000000  -0.517730  0.000000 )
(  -0.037580 -0.000000  -0.480150 -0.000000  -0.517730 -0.000000 )
   freq (    2) =     2.86950234 [THz] =    95.71628150 [cm-1]
(  -0.576126  0.000000   0.320608 -0.000000  -0.255518 -0.000000 )
(  -0.576126 -0.000000   0.320608  0.000000  -0.255518 -0.000000 )
   freq (    3) =    10.76603767 [THz] =   359.11631010 [cm-1]
(  -0.408248  0.000000  -0.408248  0.000000   0.408248  0.000000 )
(   0.408248  0.000000   0.408248  0.000000  -0.408248 -0.000000 )
   freq (    4) =    12.17758744 [THz] =   406.20053535 [cm-1]
(  -0.408248 -0.000000  -0.408248 -0.000000   0.408248 -0.000000 )
(  -0.408248 -0.000000  -0.408248 -0.000000   0.408248  0.000000 )
   freq (    5) =    14.43507317 [THz] =   481.50214305 [cm-1]
(  -0.118390 -0.000000  -0.430180 -0.000000  -0.548570 -0.000000 )
(   0.118390  0.000000   0.430180  0.000000   0.548570  0.000000 )
   freq (    6) =    14.43507317 [THz] =   481.50214305 [cm-1]
(  -0.565082  0.000000   0.385069  0.000000  -0.180012  0.000000 )
(   0.565082  0.000000  -0.385069 -0.000000   0.180012 -0.000000 )
***************************************************************************
