Dynamical matrix file
File generated with the CellConstructor by Lorenzo Monacelli
1 2 0     1.8897259890000000     0.0000000000000000     0.0000000000000000     0.0000000000000000     0.0000000000000000     0.0000000000000000
Basis vectors
    2.7154799999999999     2.7154799999999999     0.0000000000000000
    2.7154799999999999     0.0000000000000000     2.7154799999999999
    0.0000000000000000     2.7154799999999999     2.7154799999999999
	1  'Si '  25597.9124185021937592
    1     1    -0.0000000000000004     0.0000000000000004     0.0000000000000004
    2     1     1.3577400000000002     1.3577400000000006     1.3577400000000004

     Dynamical Matrix in cartesian axes

     q = (    -0.184129509332     0.000000000000     0.000000000000 )

    1    1
     0.3548752551952572     0.0000000000000000        0.0000000000000000     0.0000000000000000       -0.0000000000000000    -0.0000000000000000
     0.0000000000000000    -0.0000000000000000        0.2477607075541515     0.0000000000000000        0.0000000000000001    -0.0000000000000000
    -0.0000000000000000     0.0000000000000000        0.0000000000000001     0.0000000000000000        0.2477607075541518     0.0000000000000000
    1    2
     0.0000000000000000     0.0000000000000000       -0.0000000000000000     0.0000000000000000        0.0000000000000000    -0.0000000000000000
     0.0000000000000000     0.0000000000000000        0.0000000000000001     0.0000000000000000       -0.2008555582082014    -0.0000000087796757
    -0.0000000000000000    -0.0000000000000000       -0.2008555582082012    -0.0000000087796757       -0.0000000000000002    -0.0000000000000000
    2    1
     0.0000000000000000    -0.0000000000000000        0.0000000000000000    -0.0000000000000000       -0.0000000000000000     0.0000000000000000
    -0.0000000000000000    -0.0000000000000000        0.0000000000000001     0.0000000000000000       -0.2008555582082013     0.0000000087796757
     0.0000000000000000     0.0000000000000000       -0.2008555582082014     0.0000000087796757       -0.0000000000000002     0.0000000000000000
    2    2
     0.3548752551952572     0.0000000000000000        0.0000000000000000     0.0000000000000000       -0.0000000000000000    -0.0000000000000000
     0.0000000000000000    -0.0000000000000000        0.2477607075541515     0.0000000000000000       -0.0000000000000001    -0.0000000000000000
    -0.0000000000000000     0.0000000000000000       -0.0000000000000001     0.0000000000000000        0.2477607075541518     0.0000000000000000

     Dynamical Matrix in cartesian axes

     q = (     0.000000000000     0.000000000000    -0.184129509332 )

    1    1
     0.2477607075541515     0.0000000000000000        0.0000000000000000    -0.0000000000000000       -0.0000000000000000     0.0000000000000000
     0.0000000000000000     0.0000000000000000        0.2477607075541516    -0.0000000000000000        0.0000000000000001    -0.0000000000000000
    -0.0000000000000000    -0.0000000000000000        0.0000000000000001     0.0000000000000000        0.3548752551952568     0.0000000000000000
    1    2
    -0.0000000000000000    -0.0000000000000000       -0.2008555582082013    -0.0000000087796755        0.0000000000000000     0.0000000000000000
    -0.2008555582082013    -0.0000000087796755       -0.0000000000000002    -0.0000000000000000        0.0000000000000000    -0.0000000000000000
    -0.0000000000000001    -0.0000000000000000        0.0000000000000000     0.0000000000000000        0.0000000000000001     0.0000000000000000
    2    1
    -0.0000000000000000     0.0000000000000000       -0.2008555582082013     0.0000000087796755       -0.0000000000000001     0.0000000000000000
    -0.2008555582082013     0.0000000087796755       -0.0000000000000002     0.0000000000000000        0.0000000000000000    -0.0000000000000000
     0.0000000000000000    -0.0000000000000000        0.0000000000000000     0.0000000000000000        0.0000000000000001    -0.0000000000000000
    2    2
     0.2477607075541515    -0.0000000000000000        0.0000000000000001    -0.0000000000000000       -0.0000000000000000     0.0000000000000000
     0.0000000000000001    -0.0000000000000000        0.2477607075541518     0.0000000000000000        0.0000000000000000    -0.0000000000000000
    -0.0000000000000000    -0.0000000000000000        0.0000000000000000     0.0000000000000000        0.3548752551952572     0.0000000000000000

     Dynamical Matrix in cartesian axes

     q = (     0.000000000000    -0.184129509332     0.000000000000 )

    1    1
     0.2477607075541516    -0.0000000000000000        0.0000000000000000    -0.0000000000000000        0.0000000000000000    -0.0000000000000000
     0.0000000000000000     0.0000000000000000        0.3548752551952573    -0.0000000000000000        0.0000000000000001     0.0000000000000000
     0.0000000000000000     0.0000000000000000        0.0000000000000001    -0.0000000000000000        0.2477607075541516    -0.0000000000000000
    1    2
     0.0000000000000000    -0.0000000000000000        0.0000000000000000     0.0000000000000000       -0.2008555582082014    -0.0000000087796755
    -0.0000000000000000    -0.0000000000000000       -0.0000000000000000    -0.0000000000000000       -0.0000000000000000    -0.0000000000000000
    -0.2008555582082015    -0.0000000087796755        0.0000000000000001    -0.0000000000000000       -0.0000000000000000    -0.0000000000000000
    2    1
     0.0000000000000000     0.0000000000000000       -0.0000000000000000     0.0000000000000000       -0.2008555582082015     0.0000000087796755
     0.0000000000000000    -0.0000000000000000       -0.0000000000000000     0.0000000000000000        0.0000000000000001     0.0000000000000000
    -0.2008555582082014     0.0000000087796755       -0.0000000000000000     0.0000000000000000       -0.0000000000000000     0.0000000000000000
    2    2
     0.2477607075541516     0.0000000000000000       -0.0000000000000000     0.0000000000000000       -0.0000000000000000     0.0000000000000000
    -0.0000000000000000    -0.0000000000000000        0.3548752551952571    -0.0000000000000000        0.0000000000000000    -0.0000000000000000
    -0.0000000000000000    -0.0000000000000000        0.0000000000000000     0.0000000000000000        0.2477607075541518     0.0000000000000000

     Diagonalizing the dynamical matrix

     q = (    -0.184129509332     0.000000000000     0.000000000000 )

***************************************************************************
   freq (    1) =     4.45331342 [THz] =   148.54652494 [cm-1]
(  -0.000000  0.000000   0.703431  0.000000   0.072005  0.000000 )
(   0.000000 -0.000000   0.072005 -0.000000   0.703431 -0.000000 )
   freq (    2) =     4.45331342 [THz] =   148.54652494 [cm-1]
(   0.000000 -0.000000  -0.072005 -0.000000   0.703431  0.000000 )
(  -0.000000  0.000000   0.703431 -0.000000  -0.072005  0.000000 )
   freq (    3) =    12.24928837 [THz] =   408.59222083 [cm-1]
(  -0.145074  0.000000   0.000000 -0.000000  -0.000000  0.000000 )
(  -0.989421  0.000000   0.000000 -0.000000  -0.000000  0.000000 )
   freq (    4) =    12.24928837 [THz] =   408.59222083 [cm-1]
(   0.989421  0.000000  -0.000000 -0.000000  -0.000000  0.000000 )
(  -0.145074  0.000000  -0.000000 -0.000000   0.000000  0.000000 )
   freq (    5) =    13.77242792 [THz] =   459.39867995 [cm-1]
(   0.000000 -0.000000   0.411585 -0.000000  -0.574977  0.000000 )
(   0.000000 -0.000000   0.574977 -0.000000  -0.411585  0.000000 )
   freq (    6) =    13.77242792 [THz] =   459.39867995 [cm-1]
(   0.000000 -0.000000   0.574977 -0.000000   0.411585 -0.000000 )
(   0.000000  0.000000  -0.411585  0.000000  -0.574977  0.000000 )
***************************************************************************
