Dynamical matrix file
                                                                           
  2    2  0 12.4000000  0.0000000  0.0000000  0.0000000  0.0000000  0.0000000
Basis vectors
     -0.500000000    0.000000000    0.500000000
      0.000000000    0.500000000    0.500000000
     -0.500000000    0.500000000    0.000000000
           1  'Sn  '    108197.545983522     
           2  'Te  '    116300.285296078     
    1    2     -0.2500000000     -0.2500000000     -0.2500000000
    2    1      0.2500000000      0.2500000000      0.2500000000

     Dynamical  Matrix in cartesian axes

     q = (    0.000000000   0.000000000   0.000000000 ) 

    1    1
 -0.01395957  0.00000000   -0.00000000  0.00000000    0.00000000  0.00000000
 -0.00000000  0.00000000   -0.01395957  0.00000000    0.00000000  0.00000000
  0.00000000  0.00000000    0.00000000  0.00000000   -0.01395957  0.00000000
    1    2
  0.01391577  0.00000000   -0.00000000  0.00000000    0.00000000  0.00000000
 -0.00000000  0.00000000    0.01391577  0.00000000   -0.00000000  0.00000000
  0.00000000  0.00000000   -0.00000000  0.00000000    0.01391577  0.00000000
    2    1
  0.01391577  0.00000000   -0.00000000  0.00000000    0.00000000  0.00000000
 -0.00000000  0.00000000    0.01391577  0.00000000    0.00000000  0.00000000
  0.00000000  0.00000000    0.00000000  0.00000000    0.01391577  0.00000000
    2    2
 -0.01388290  0.00000000   -0.00000000  0.00000000    0.00000000  0.00000000
 -0.00000000  0.00000000   -0.01388290  0.00000000   -0.00000000  0.00000000
  0.00000000  0.00000000   -0.00000000  0.00000000   -0.01388290  0.00000000


     Diagonalizing the dynamical matrix

     q = (    0.000000000   0.000000000   0.000000000 ) 

 **************************************************************************
     freq (    1) =      -1.639295 [THz] =     -54.681001 [cm-1]
 ( -0.466359  0.000000 -0.457469  0.000000  0.196340  0.000000 ) 
 (  0.499911  0.000000  0.490382  0.000000 -0.210466  0.000000 ) 
     freq (    2) =      -1.639295 [THz] =     -54.681001 [cm-1]
 ( -0.146624  0.000000 -0.130879  0.000000 -0.653215  0.000000 ) 
 (  0.157173  0.000000  0.140295  0.000000  0.700211  0.000000 ) 
     freq (    3) =      -1.639295 [THz] =     -54.681001 [cm-1]
 ( -0.475740  0.000000  0.488785  0.000000  0.008854  0.000000 ) 
 (  0.509968  0.000000 -0.523951  0.000000 -0.009491  0.000000 ) 
     freq (    4) =      -0.022835 [THz] =      -0.761710 [cm-1]
 (  0.223143  0.000000  0.507189  0.000000 -0.437717  0.000000 ) 
 (  0.223756  0.000000  0.508581  0.000000 -0.438919  0.000000 ) 
     freq (    5) =      -0.022835 [THz] =      -0.761710 [cm-1]
 ( -0.390600  0.000000 -0.276341  0.000000 -0.519324  0.000000 ) 
 ( -0.391672  0.000000 -0.277100  0.000000 -0.520749  0.000000 ) 
     freq (    6) =      -0.022835 [THz] =      -0.761710 [cm-1]
 ( -0.544306  0.000000  0.406232  0.000000  0.193226  0.000000 ) 
 ( -0.545800  0.000000  0.407347  0.000000  0.193756  0.000000 ) 
 **************************************************************************
