Dynamical matrix file
File generated with the CellConstructor by Lorenzo Monacelli
2 2 0    12.4000000000000004     0.0000000000000000     0.0000000000000000     0.0000000000000000     0.0000000000000000     0.0000000000000000
Basis vectors
   -0.5000000000000000     0.0000000000000000     0.5000000000000000
    0.0000000000000000     0.5000000000000000     0.5000000000000000
   -0.5000000000000000     0.5000000000000000     0.0000000000000000
	1  'Te '  116300.2852960780001013
	2  'Sn '  108197.5459835219953675
    1     1    -0.2500000000000000    -0.2500000000000000    -0.2500000000000000
    2     2     0.2500000000000000     0.2500000000000000     0.2500000000000000

     Dynamical Matrix in cartesian axes

     q = (    0.000000000000   -1.000000000000   0.000000000000 )

    1    1
     0.0285684652564837     0.0000000000000000        0.0000000000000000     0.0000000000000000       -0.0000000000000000     0.0000000000000000
     0.0000000000000000     0.0000000000000000        0.0404008011393233     0.0000000000000000       -0.0000000000000000     0.0000000000000000
    -0.0000000000000000     0.0000000000000000        0.0000000000000000     0.0000000000000000        0.0285684652564837     0.0000000000000000
    1    2
     0.0014005042658475     0.0000000000408120        0.0000000000000000     0.0000000000000000       -0.0000000000000000     0.0000000000000000
     0.0000000000000000     0.0000000000000000        0.0055259166413354     0.0000000001610303        0.0000000000000000     0.0000000000000000
    -0.0000000000000000     0.0000000000000000       -0.0000000000000000     0.0000000000000000        0.0014005042658475     0.0000000000408120
    2    1
     0.0014005042658475    -0.0000000000408120        0.0000000000000000    -0.0000000000000000       -0.0000000000000000     0.0000000000000000
     0.0000000000000000     0.0000000000000000        0.0055259166413354    -0.0000000001610303        0.0000000000000000     0.0000000000000000
    -0.0000000000000000     0.0000000000000000        0.0000000000000000    -0.0000000000000000        0.0014005042658475    -0.0000000000408120
    2    2
     0.0068008647075648     0.0000000000000000        0.0000000000000000     0.0000000000000000        0.0000000000000000     0.0000000000000000
     0.0000000000000000     0.0000000000000000        0.0096552545993944     0.0000000000000000        0.0000000000000000     0.0000000000000000
     0.0000000000000000     0.0000000000000000        0.0000000000000000     0.0000000000000000        0.0068008647075648     0.0000000000000000

     Dynamical Matrix in cartesian axes

     q = (    -1.000000000000   0.000000000000   0.000000000000 )

    1    1
     0.0404008011393233     0.0000000000000000        0.0000000000000000     0.0000000000000000        0.0000000000000000     0.0000000000000000
     0.0000000000000000     0.0000000000000000        0.0285684652564837     0.0000000000000000        0.0000000000000000     0.0000000000000000
    -0.0000000000000000     0.0000000000000000        0.0000000000000000     0.0000000000000000        0.0285684652564837     0.0000000000000000
    1    2
     0.0055259166413354     0.0000000001610303       -0.0000000000000000     0.0000000000000000        0.0000000000000000    -0.0000000000000000
    -0.0000000000000000    -0.0000000000000000        0.0014005042658475     0.0000000000408120        0.0000000000000000     0.0000000000000000
     0.0000000000000000     0.0000000000000000        0.0000000000000000     0.0000000000000000        0.0014005042658475     0.0000000000408120
    2    1
     0.0055259166413354    -0.0000000001610303       -0.0000000000000000     0.0000000000000000       -0.0000000000000000     0.0000000000000000
    -0.0000000000000000     0.0000000000000000        0.0014005042658475    -0.0000000000408120        0.0000000000000000     0.0000000000000000
     0.0000000000000000    -0.0000000000000000        0.0000000000000000    -0.0000000000000000        0.0014005042658475    -0.0000000000408120
    2    2
     0.0096552545993944     0.0000000000000000        0.0000000000000000     0.0000000000000000        0.0000000000000000     0.0000000000000000
     0.0000000000000000     0.0000000000000000        0.0068008647075648     0.0000000000000000        0.0000000000000000     0.0000000000000000
    -0.0000000000000000     0.0000000000000000        0.0000000000000000     0.0000000000000000        0.0068008647075648     0.0000000000000000

     Dynamical Matrix in cartesian axes

     q = (    0.000000000000   0.000000000000   1.000000000000 )

    1    1
     0.0285684652564837     0.0000000000000000       -0.0000000000000000     0.0000000000000000       -0.0000000000000000     0.0000000000000000
    -0.0000000000000000     0.0000000000000000        0.0285684652564837     0.0000000000000000       -0.0000000000000000     0.0000000000000000
     0.0000000000000000     0.0000000000000000       -0.0000000000000000     0.0000000000000000        0.0404008011393233     0.0000000000000000
    1    2
     0.0014005042658475     0.0000000000408120        0.0000000000000000     0.0000000000000000        0.0000000000000000    -0.0000000000000000
     0.0000000000000000     0.0000000000000000        0.0014005042658475     0.0000000000408120        0.0000000000000000    -0.0000000000000000
     0.0000000000000000     0.0000000000000000        0.0000000000000000     0.0000000000000000        0.0055259166413354     0.0000000001610303
    2    1
     0.0014005042658475    -0.0000000000408120       -0.0000000000000000    -0.0000000000000000        0.0000000000000000     0.0000000000000000
    -0.0000000000000000     0.0000000000000000        0.0014005042658475    -0.0000000000408120        0.0000000000000000    -0.0000000000000000
     0.0000000000000000    -0.0000000000000000        0.0000000000000000    -0.0000000000000000        0.0055259166413354    -0.0000000001610303
    2    2
     0.0068008647075648     0.0000000000000000       -0.0000000000000000     0.0000000000000000        0.0000000000000000     0.0000000000000000
    -0.0000000000000000     0.0000000000000000        0.0068008647075648     0.0000000000000000        0.0000000000000000     0.0000000000000000
     0.0000000000000000     0.0000000000000000        0.0000000000000000     0.0000000000000000        0.0096552545993944     0.0000000000000000

     Diagonalizing the dynamical matrix

     q = (    0.000000000000   -1.000000000000   0.000000000000 )

***************************************************************************
   freq (    1) =     0.81921197 [THz] =    27.32596599 [cm-1]
(   0.000191  0.000000  -0.000000  0.000000   0.067830  0.000000 )
(  -0.002809  0.000000   0.000000 -0.000000  -0.997693 -0.000000 )
   freq (    2) =     0.81921197 [THz] =    27.32596599 [cm-1]
(  -0.067830  0.000000  -0.000000 -0.000000   0.000191 -0.000000 )
(   0.997693 -0.000000   0.000000 -0.000000  -0.002809 -0.000000 )
   freq (    3) =     0.93141722 [THz] =    31.06872980 [cm-1]
(  -0.000000  0.000000   0.181288 -0.000000   0.000000 -0.000000 )
(   0.000000 -0.000000  -0.983430  0.000000  -0.000000  0.000000 )
   freq (    4) =     1.63334297 [THz] =    54.48244922 [cm-1]
(   0.651676  0.000000   0.000000 -0.000000   0.755458 -0.000000 )
(   0.044305 -0.000000   0.000000  0.000000   0.051361  0.000000 )
   freq (    5) =     1.63334297 [THz] =    54.48244922 [cm-1]
(  -0.755458  0.000000   0.000000 -0.000000   0.651676 -0.000000 )
(  -0.051361  0.000000   0.000000 -0.000000   0.044305 -0.000000 )
   freq (    6) =     1.96418945 [THz] =    65.51829828 [cm-1]
(   0.000000  0.000000   0.983430  0.000000  -0.000000  0.000000 )
(   0.000000 -0.000000   0.181288 -0.000000  -0.000000 -0.000000 )
***************************************************************************
