Dynamical matrix file
File generated with the CellConstructor by Lorenzo Monacelli
2 2 0    12.4000000000000004     0.0000000000000000     0.0000000000000000     0.0000000000000000     0.0000000000000000     0.0000000000000000
Basis vectors
   -0.5000000000000000     0.0000000000000000     0.5000000000000000
    0.0000000000000000     0.5000000000000000     0.5000000000000000
   -0.5000000000000000     0.5000000000000000     0.0000000000000000
	1  'Te '  116300.2852960780001013
	2  'Sn '  108197.5459835219953675
    1     1    -0.2500000000000000    -0.2500000000000000    -0.2500000000000000
    2     2     0.2500000000000000     0.2500000000000000     0.2500000000000000

     Dynamical Matrix in cartesian axes

     q = (    0.500000000000   -0.500000000000   0.500000000000 )

    1    1
     0.1010981889622017     0.0000000000000000       -0.0057531180384979     0.0000000000000000        0.0057531180384979     0.0000000000000000
    -0.0057531180384979     0.0000000000000000        0.1010981889622017     0.0000000000000000       -0.0057531180384979     0.0000000000000000
     0.0057531180384979     0.0000000000000000       -0.0057531180384979     0.0000000000000000        0.1010981889622016     0.0000000000000000
    1    2
     0.0000000000000000     0.0000000000000000        0.0000000000000000     0.0000000000000000       -0.0000000000000000    -0.0000000000000000
     0.0000000000000000     0.0000000000000000        0.0000000000000000     0.0000000000000000        0.0000000000000000     0.0000000000000000
    -0.0000000000000000    -0.0000000000000000        0.0000000000000000     0.0000000000000000        0.0000000000000000     0.0000000000000000
    2    1
     0.0000000000000000    -0.0000000000000000        0.0000000000000000    -0.0000000000000000       -0.0000000000000000     0.0000000000000000
     0.0000000000000000    -0.0000000000000000        0.0000000000000000    -0.0000000000000000        0.0000000000000000    -0.0000000000000000
    -0.0000000000000000     0.0000000000000000        0.0000000000000000    -0.0000000000000000        0.0000000000000000    -0.0000000000000000
    2    2
     0.0858081351469030     0.0000000000000000       -0.0242689996979836     0.0000000000000000        0.0242689996979836     0.0000000000000000
    -0.0242689996979836     0.0000000000000000        0.0858081351469030     0.0000000000000000       -0.0242689996979836     0.0000000000000000
     0.0242689996979836     0.0000000000000000       -0.0242689996979836     0.0000000000000000        0.0858081351469030     0.0000000000000000

     Dynamical Matrix in cartesian axes

     q = (    0.500000000000   0.500000000000   -0.500000000000 )

    1    1
     0.1010981889622017     0.0000000000000000        0.0057531180384979     0.0000000000000000       -0.0057531180384979     0.0000000000000000
     0.0057531180384979     0.0000000000000000        0.1010981889622016     0.0000000000000000       -0.0057531180384979     0.0000000000000000
    -0.0057531180384979     0.0000000000000000       -0.0057531180384979     0.0000000000000000        0.1010981889622017     0.0000000000000000
    1    2
     0.0000000000000000     0.0000000000000000       -0.0000000000000000    -0.0000000000000000        0.0000000000000000     0.0000000000000000
    -0.0000000000000000    -0.0000000000000000        0.0000000000000000     0.0000000000000000        0.0000000000000000     0.0000000000000000
     0.0000000000000000     0.0000000000000000        0.0000000000000000     0.0000000000000000        0.0000000000000000     0.0000000000000000
    2    1
     0.0000000000000000    -0.0000000000000000       -0.0000000000000000     0.0000000000000000        0.0000000000000000    -0.0000000000000000
    -0.0000000000000000     0.0000000000000000        0.0000000000000000    -0.0000000000000000        0.0000000000000000    -0.0000000000000000
     0.0000000000000000    -0.0000000000000000        0.0000000000000000    -0.0000000000000000        0.0000000000000000    -0.0000000000000000
    2    2
     0.0858081351469030     0.0000000000000000        0.0242689996979836     0.0000000000000000       -0.0242689996979836     0.0000000000000000
     0.0242689996979835     0.0000000000000000        0.0858081351469030     0.0000000000000000       -0.0242689996979836     0.0000000000000000
    -0.0242689996979835     0.0000000000000000       -0.0242689996979835     0.0000000000000000        0.0858081351469030     0.0000000000000000

     Dynamical Matrix in cartesian axes

     q = (    -0.500000000000   -0.500000000000   -0.500000000000 )

    1    1
     0.1010981889622016     0.0000000000000000        0.0057531180384979     0.0000000000000000        0.0057531180384979     0.0000000000000000
     0.0057531180384979     0.0000000000000000        0.1010981889622017     0.0000000000000000        0.0057531180384979     0.0000000000000000
     0.0057531180384979     0.0000000000000000        0.0057531180384979     0.0000000000000000        0.1010981889622017     0.0000000000000000
    1    2
    -0.0000000000000000     0.0000000000000000        0.0000000000000000    -0.0000000000000000        0.0000000000000000    -0.0000000000000000
     0.0000000000000000    -0.0000000000000000       -0.0000000000000000     0.0000000000000000        0.0000000000000000    -0.0000000000000000
     0.0000000000000000    -0.0000000000000000        0.0000000000000000    -0.0000000000000000       -0.0000000000000000     0.0000000000000000
    2    1
    -0.0000000000000000    -0.0000000000000000        0.0000000000000000     0.0000000000000000        0.0000000000000000     0.0000000000000000
     0.0000000000000000     0.0000000000000000       -0.0000000000000000    -0.0000000000000000        0.0000000000000000     0.0000000000000000
     0.0000000000000000     0.0000000000000000        0.0000000000000000     0.0000000000000000       -0.0000000000000000    -0.0000000000000000
    2    2
     0.0858081351469030     0.0000000000000000        0.0242689996979836     0.0000000000000000        0.0242689996979836     0.0000000000000000
     0.0242689996979836     0.0000000000000000        0.0858081351469030     0.0000000000000000        0.0242689996979836     0.0000000000000000
     0.0242689996979836     0.0000000000000000        0.0242689996979836     0.0000000000000000        0.0858081351469030     0.0000000000000000

     Dynamical Matrix in cartesian axes

     q = (    0.500000000000   -0.500000000000   -0.500000000000 )

    1    1
     0.1010981889622016     0.0000000000000000       -0.0057531180384980     0.0000000000000000       -0.0057531180384980     0.0000000000000000
    -0.0057531180384979     0.0000000000000000        0.1010981889622016     0.0000000000000000        0.0057531180384979     0.0000000000000000
    -0.0057531180384979     0.0000000000000000        0.0057531180384979     0.0000000000000000        0.1010981889622016     0.0000000000000000
    1    2
     0.0000000000000000     0.0000000000000000        0.0000000000000000     0.0000000000000000        0.0000000000000000     0.0000000000000000
     0.0000000000000000     0.0000000000000000        0.0000000000000000     0.0000000000000000       -0.0000000000000000    -0.0000000000000000
     0.0000000000000000     0.0000000000000000       -0.0000000000000000    -0.0000000000000000        0.0000000000000000     0.0000000000000000
    2    1
     0.0000000000000000    -0.0000000000000000        0.0000000000000000    -0.0000000000000000        0.0000000000000000    -0.0000000000000000
     0.0000000000000000    -0.0000000000000000        0.0000000000000000    -0.0000000000000000       -0.0000000000000000     0.0000000000000000
     0.0000000000000000    -0.0000000000000000       -0.0000000000000000     0.0000000000000000        0.0000000000000000    -0.0000000000000000
    2    2
     0.0858081351469030     0.0000000000000000       -0.0242689996979836     0.0000000000000000       -0.0242689996979836     0.0000000000000000
    -0.0242689996979836     0.0000000000000000        0.0858081351469030     0.0000000000000000        0.0242689996979836     0.0000000000000000
    -0.0242689996979836     0.0000000000000000        0.0242689996979836     0.0000000000000000        0.0858081351469030     0.0000000000000000

     Diagonalizing the dynamical matrix

     q = (    0.500000000000   -0.500000000000   0.500000000000 )

***************************************************************************
   freq (    1) =     2.48108855 [THz] =    82.76019386 [cm-1]
(   0.000000  0.000000   0.000000 -0.000000   0.000000 -0.000000 )
(   0.000000 -0.816497   0.000000 -0.408248  -0.000000 -0.408248 )
   freq (    2) =     2.48108855 [THz] =    82.76019386 [cm-1]
(   0.000000  0.000000  -0.000000 -0.000000  -0.000000 -0.000000 )
(  -0.000000 -0.000000  -0.481769  0.517590  -0.481769  0.517590 )
   freq (    3) =     2.97874967 [THz] =    99.36037968 [cm-1]
(   0.000000  0.000000  -0.707107 -0.000000  -0.707107 -0.000000 )
(   0.000000 -0.000000   0.000000 -0.000000  -0.000000 -0.000000 )
   freq (    4) =     2.97874967 [THz] =    99.36037968 [cm-1]
(  -0.816497  0.000000  -0.408248  0.000000   0.408248  0.000000 )
(   0.000000 -0.000000   0.000000 -0.000000  -0.000000 -0.000000 )
   freq (    5) =     3.23714843 [THz] =   107.97963323 [cm-1]
(   0.577350  0.000000  -0.577350  0.000000   0.577350  0.000000 )
(   0.000000 -0.000000   0.000000 -0.000000  -0.000000 -0.000000 )
   freq (    6) =     3.66588770 [THz] =   122.28083387 [cm-1]
(   0.000000  0.000000  -0.000000  0.000000  -0.000000  0.000000 )
(  -0.000000  0.577350   0.000000 -0.577350  -0.000000 -0.577350 )
***************************************************************************
