Dynamical matrix file
File generated with the CellConstructor by Lorenzo Monacelli
2 2 0    12.4000000000000004     0.0000000000000000     0.0000000000000000     0.0000000000000000     0.0000000000000000     0.0000000000000000
Basis vectors
   -0.5000000000000000     0.0000000000000000     0.5000000000000000
    0.0000000000000000     0.5000000000000000     0.5000000000000000
   -0.5000000000000000     0.5000000000000000     0.0000000000000000
	1  'Te '  116300.2852960780001013
	2  'Sn '  108197.5459835219953675
    1     1    -0.2500000000000000    -0.2500000000000000    -0.2500000000000000
    2     2     0.2500000000000000     0.2500000000000000     0.2500000000000000

     Dynamical Matrix in cartesian axes

     q = (    0.500000000000   -0.500000000000   0.500000000000 )

    1    1
     0.0916855089654377     0.0000000000000000       -0.0059726086069504     0.0000000000000000        0.0059726086069504     0.0000000000000000
    -0.0059726086069504     0.0000000000000000        0.0916855089654377     0.0000000000000000       -0.0059726086069504     0.0000000000000000
     0.0059726086069504     0.0000000000000000       -0.0059726086069504     0.0000000000000000        0.0916855089654377     0.0000000000000000
    1    2
    -0.0000000000000000    -0.0000000000000000        0.0000000000000000     0.0000000000000000       -0.0000000000000000    -0.0000000000000000
     0.0000000000000000     0.0000000000000000       -0.0000000000000000    -0.0000000000000000        0.0000000000000000     0.0000000000000000
    -0.0000000000000000    -0.0000000000000000        0.0000000000000000     0.0000000000000000       -0.0000000000000000    -0.0000000000000000
    2    1
    -0.0000000000000000     0.0000000000000000        0.0000000000000000    -0.0000000000000000       -0.0000000000000000     0.0000000000000000
     0.0000000000000000    -0.0000000000000000       -0.0000000000000000     0.0000000000000000        0.0000000000000000    -0.0000000000000000
    -0.0000000000000000     0.0000000000000000        0.0000000000000000    -0.0000000000000000       -0.0000000000000000     0.0000000000000000
    2    2
     0.0757997343719757     0.0000000000000000       -0.0243411951703194     0.0000000000000000        0.0243411951703194     0.0000000000000000
    -0.0243411951703194     0.0000000000000000        0.0757997343719757     0.0000000000000000       -0.0243411951703194     0.0000000000000000
     0.0243411951703194     0.0000000000000000       -0.0243411951703194     0.0000000000000000        0.0757997343719757     0.0000000000000000

     Dynamical Matrix in cartesian axes

     q = (    0.500000000000   0.500000000000   -0.500000000000 )

    1    1
     0.0916855089654377     0.0000000000000000        0.0059726086069504     0.0000000000000000       -0.0059726086069504     0.0000000000000000
     0.0059726086069504     0.0000000000000000        0.0916855089654377     0.0000000000000000       -0.0059726086069504     0.0000000000000000
    -0.0059726086069504     0.0000000000000000       -0.0059726086069504     0.0000000000000000        0.0916855089654377     0.0000000000000000
    1    2
    -0.0000000000000000    -0.0000000000000000       -0.0000000000000000    -0.0000000000000000        0.0000000000000000     0.0000000000000000
    -0.0000000000000000    -0.0000000000000000       -0.0000000000000000    -0.0000000000000000        0.0000000000000000     0.0000000000000000
     0.0000000000000000     0.0000000000000000        0.0000000000000000     0.0000000000000000       -0.0000000000000000    -0.0000000000000000
    2    1
    -0.0000000000000000     0.0000000000000000       -0.0000000000000000     0.0000000000000000        0.0000000000000000    -0.0000000000000000
    -0.0000000000000000     0.0000000000000000       -0.0000000000000000     0.0000000000000000        0.0000000000000000    -0.0000000000000000
     0.0000000000000000    -0.0000000000000000        0.0000000000000000    -0.0000000000000000       -0.0000000000000000     0.0000000000000000
    2    2
     0.0757997343719757     0.0000000000000000        0.0243411951703194     0.0000000000000000       -0.0243411951703194     0.0000000000000000
     0.0243411951703194     0.0000000000000000        0.0757997343719757     0.0000000000000000       -0.0243411951703194     0.0000000000000000
    -0.0243411951703194     0.0000000000000000       -0.0243411951703194     0.0000000000000000        0.0757997343719757     0.0000000000000000

     Dynamical Matrix in cartesian axes

     q = (    -0.500000000000   -0.500000000000   -0.500000000000 )

    1    1
     0.0916855089654377     0.0000000000000000        0.0059726086069504     0.0000000000000000        0.0059726086069504     0.0000000000000000
     0.0059726086069504     0.0000000000000000        0.0916855089654377     0.0000000000000000        0.0059726086069504     0.0000000000000000
     0.0059726086069504     0.0000000000000000        0.0059726086069504     0.0000000000000000        0.0916855089654377     0.0000000000000000
    1    2
     0.0000000000000000    -0.0000000000000000        0.0000000000000000    -0.0000000000000000        0.0000000000000000    -0.0000000000000000
     0.0000000000000000    -0.0000000000000000        0.0000000000000000    -0.0000000000000000        0.0000000000000000    -0.0000000000000000
     0.0000000000000000    -0.0000000000000000        0.0000000000000000    -0.0000000000000000        0.0000000000000000    -0.0000000000000000
    2    1
     0.0000000000000000     0.0000000000000000        0.0000000000000000     0.0000000000000000        0.0000000000000000     0.0000000000000000
     0.0000000000000000     0.0000000000000000        0.0000000000000000     0.0000000000000000        0.0000000000000000     0.0000000000000000
     0.0000000000000000     0.0000000000000000        0.0000000000000000     0.0000000000000000        0.0000000000000000     0.0000000000000000
    2    2
     0.0757997343719757     0.0000000000000000        0.0243411951703194     0.0000000000000000        0.0243411951703194     0.0000000000000000
     0.0243411951703194     0.0000000000000000        0.0757997343719757     0.0000000000000000        0.0243411951703194     0.0000000000000000
     0.0243411951703194     0.0000000000000000        0.0243411951703194     0.0000000000000000        0.0757997343719757     0.0000000000000000

     Dynamical Matrix in cartesian axes

     q = (    0.500000000000   -0.500000000000   -0.500000000000 )

    1    1
     0.0916855089654377     0.0000000000000000       -0.0059726086069504     0.0000000000000000       -0.0059726086069504     0.0000000000000000
    -0.0059726086069504     0.0000000000000000        0.0916855089654377     0.0000000000000000        0.0059726086069504     0.0000000000000000
    -0.0059726086069504     0.0000000000000000        0.0059726086069504     0.0000000000000000        0.0916855089654377     0.0000000000000000
    1    2
    -0.0000000000000000    -0.0000000000000000        0.0000000000000000     0.0000000000000000        0.0000000000000000     0.0000000000000000
     0.0000000000000000     0.0000000000000000       -0.0000000000000000    -0.0000000000000000       -0.0000000000000000    -0.0000000000000000
     0.0000000000000000     0.0000000000000000       -0.0000000000000000    -0.0000000000000000       -0.0000000000000000    -0.0000000000000000
    2    1
    -0.0000000000000000     0.0000000000000000        0.0000000000000000    -0.0000000000000000        0.0000000000000000    -0.0000000000000000
     0.0000000000000000    -0.0000000000000000       -0.0000000000000000     0.0000000000000000       -0.0000000000000000     0.0000000000000000
     0.0000000000000000    -0.0000000000000000       -0.0000000000000000     0.0000000000000000       -0.0000000000000000     0.0000000000000000
    2    2
     0.0757997343719757     0.0000000000000000       -0.0243411951703194     0.0000000000000000       -0.0243411951703194     0.0000000000000000
    -0.0243411951703194     0.0000000000000000        0.0757997343719757     0.0000000000000000        0.0243411951703194     0.0000000000000000
    -0.0243411951703194     0.0000000000000000        0.0243411951703194     0.0000000000000000        0.0757997343719757     0.0000000000000000

     Diagonalizing the dynamical matrix

     q = (    0.500000000000   -0.500000000000   0.500000000000 )

***************************************************************************
   freq (    1) =     2.26879521 [THz] =    75.67885116 [cm-1]
(   0.000000 -0.000000   0.000000 -0.000000   0.000000 -0.000000 )
(   0.000000 -0.655045  -0.405477 -0.210157  -0.405477 -0.210157 )
   freq (    2) =     2.26879521 [THz] =    75.67885116 [cm-1]
(   0.000000  0.000000  -0.000000 -0.000000  -0.000000 -0.000000 )
(  -0.000000  0.487424  -0.544918  0.401439  -0.544918  0.401439 )
   freq (    3) =     2.82428149 [THz] =    94.20787653 [cm-1]
(  -0.816497  0.000000  -0.408248  0.000000   0.408248  0.000000 )
(  -0.000000  0.000000   0.000000 -0.000000  -0.000000 -0.000000 )
   freq (    4) =     2.82428149 [THz] =    94.20787653 [cm-1]
(   0.000000  0.000000  -0.707107  0.000000  -0.707107  0.000000 )
(  -0.000000  0.000000   0.000000 -0.000000  -0.000000 -0.000000 )
   freq (    5) =     3.10548299 [THz] =   103.58774762 [cm-1]
(   0.577350  0.000000  -0.577350  0.000000   0.577350  0.000000 )
(  -0.000000  0.000000   0.000000 -0.000000  -0.000000 -0.000000 )
   freq (    6) =     3.52874329 [THz] =   117.70618942 [cm-1]
(   0.000000  0.000000   0.000000  0.000000   0.000000  0.000000 )
(  -0.000000  0.577350   0.000000 -0.577350  -0.000000 -0.577350 )
***************************************************************************
