Dynamical matrix file
File generated with the CellConstructor by Lorenzo Monacelli
2 2 0    12.4000000000000004     0.0000000000000000     0.0000000000000000     0.0000000000000000     0.0000000000000000     0.0000000000000000
Basis vectors
   -0.5000000000000000     0.0000000000000000     0.5000000000000000
    0.0000000000000000     0.5000000000000000     0.5000000000000000
   -0.5000000000000000     0.5000000000000000     0.0000000000000000
	1  'Te '  116300.2852960780001013
	2  'Sn '  108197.5459835219953675
    1     1    -0.2500000000000000    -0.2500000000000000    -0.2500000000000000
    2     2     0.2500000000000000     0.2500000000000000     0.2500000000000000

     Dynamical Matrix in cartesian axes

     q = (    0.500000000000   -0.500000000000   0.500000000000 )

    1    1
     0.0938424763331401     0.0000000000000000       -0.0056960548654554     0.0000000000000000        0.0056960548654554     0.0000000000000000
    -0.0056960548654554     0.0000000000000000        0.0938424763331401     0.0000000000000000       -0.0056960548654554     0.0000000000000000
     0.0056960548654554     0.0000000000000000       -0.0056960548654554     0.0000000000000000        0.0938424763331401     0.0000000000000000
    1    2
    -0.0000000000000000    -0.0000000000000000        0.0000000000000000     0.0000000000000000       -0.0000000000000000    -0.0000000000000000
     0.0000000000000000     0.0000000000000000       -0.0000000000000000    -0.0000000000000000        0.0000000000000000     0.0000000000000000
    -0.0000000000000000    -0.0000000000000000        0.0000000000000000     0.0000000000000000       -0.0000000000000000    -0.0000000000000000
    2    1
    -0.0000000000000000     0.0000000000000000        0.0000000000000000    -0.0000000000000000       -0.0000000000000000     0.0000000000000000
     0.0000000000000000    -0.0000000000000000       -0.0000000000000000     0.0000000000000000        0.0000000000000000    -0.0000000000000000
    -0.0000000000000000     0.0000000000000000        0.0000000000000000    -0.0000000000000000       -0.0000000000000000     0.0000000000000000
    2    2
     0.0787622456474949     0.0000000000000000       -0.0240618757704986     0.0000000000000000        0.0240618757704986     0.0000000000000000
    -0.0240618757704986     0.0000000000000000        0.0787622456474949     0.0000000000000000       -0.0240618757704986     0.0000000000000000
     0.0240618757704986     0.0000000000000000       -0.0240618757704986     0.0000000000000000        0.0787622456474949     0.0000000000000000

     Dynamical Matrix in cartesian axes

     q = (    0.500000000000   0.500000000000   -0.500000000000 )

    1    1
     0.0938424763331401     0.0000000000000000        0.0056960548654554     0.0000000000000000       -0.0056960548654554     0.0000000000000000
     0.0056960548654554     0.0000000000000000        0.0938424763331401     0.0000000000000000       -0.0056960548654554     0.0000000000000000
    -0.0056960548654554     0.0000000000000000       -0.0056960548654554     0.0000000000000000        0.0938424763331401     0.0000000000000000
    1    2
    -0.0000000000000000    -0.0000000000000000       -0.0000000000000000    -0.0000000000000000        0.0000000000000000     0.0000000000000000
    -0.0000000000000000    -0.0000000000000000       -0.0000000000000000    -0.0000000000000000        0.0000000000000000     0.0000000000000000
     0.0000000000000000     0.0000000000000000        0.0000000000000000     0.0000000000000000       -0.0000000000000000    -0.0000000000000000
    2    1
    -0.0000000000000000     0.0000000000000000       -0.0000000000000000     0.0000000000000000        0.0000000000000000    -0.0000000000000000
    -0.0000000000000000     0.0000000000000000       -0.0000000000000000     0.0000000000000000        0.0000000000000000    -0.0000000000000000
     0.0000000000000000    -0.0000000000000000        0.0000000000000000    -0.0000000000000000       -0.0000000000000000     0.0000000000000000
    2    2
     0.0787622456474949     0.0000000000000000        0.0240618757704986     0.0000000000000000       -0.0240618757704986     0.0000000000000000
     0.0240618757704986     0.0000000000000000        0.0787622456474949     0.0000000000000000       -0.0240618757704986     0.0000000000000000
    -0.0240618757704986     0.0000000000000000       -0.0240618757704986     0.0000000000000000        0.0787622456474949     0.0000000000000000

     Dynamical Matrix in cartesian axes

     q = (    -0.500000000000   -0.500000000000   -0.500000000000 )

    1    1
     0.0938424763331401     0.0000000000000000        0.0056960548654554     0.0000000000000000        0.0056960548654554     0.0000000000000000
     0.0056960548654554     0.0000000000000000        0.0938424763331401     0.0000000000000000        0.0056960548654554     0.0000000000000000
     0.0056960548654554     0.0000000000000000        0.0056960548654554     0.0000000000000000        0.0938424763331401     0.0000000000000000
    1    2
     0.0000000000000000    -0.0000000000000000        0.0000000000000000    -0.0000000000000000        0.0000000000000000    -0.0000000000000000
     0.0000000000000000    -0.0000000000000000        0.0000000000000000    -0.0000000000000000        0.0000000000000000    -0.0000000000000000
     0.0000000000000000    -0.0000000000000000        0.0000000000000000    -0.0000000000000000        0.0000000000000000    -0.0000000000000000
    2    1
     0.0000000000000000     0.0000000000000000        0.0000000000000000     0.0000000000000000        0.0000000000000000     0.0000000000000000
     0.0000000000000000     0.0000000000000000        0.0000000000000000     0.0000000000000000        0.0000000000000000     0.0000000000000000
     0.0000000000000000     0.0000000000000000        0.0000000000000000     0.0000000000000000        0.0000000000000000     0.0000000000000000
    2    2
     0.0787622456474949     0.0000000000000000        0.0240618757704986     0.0000000000000000        0.0240618757704986     0.0000000000000000
     0.0240618757704986     0.0000000000000000        0.0787622456474948     0.0000000000000000        0.0240618757704986     0.0000000000000000
     0.0240618757704986     0.0000000000000000        0.0240618757704986     0.0000000000000000        0.0787622456474948     0.0000000000000000

     Dynamical Matrix in cartesian axes

     q = (    0.500000000000   -0.500000000000   -0.500000000000 )

    1    1
     0.0938424763331401     0.0000000000000000       -0.0056960548654554     0.0000000000000000       -0.0056960548654554     0.0000000000000000
    -0.0056960548654554     0.0000000000000000        0.0938424763331401     0.0000000000000000        0.0056960548654554     0.0000000000000000
    -0.0056960548654554     0.0000000000000000        0.0056960548654554     0.0000000000000000        0.0938424763331401     0.0000000000000000
    1    2
    -0.0000000000000000    -0.0000000000000000        0.0000000000000000     0.0000000000000000        0.0000000000000000     0.0000000000000000
     0.0000000000000000     0.0000000000000000       -0.0000000000000000    -0.0000000000000000       -0.0000000000000000    -0.0000000000000000
     0.0000000000000000     0.0000000000000000       -0.0000000000000000    -0.0000000000000000       -0.0000000000000000    -0.0000000000000000
    2    1
    -0.0000000000000000     0.0000000000000000        0.0000000000000000    -0.0000000000000000        0.0000000000000000    -0.0000000000000000
     0.0000000000000000    -0.0000000000000000       -0.0000000000000000     0.0000000000000000       -0.0000000000000000     0.0000000000000000
     0.0000000000000000    -0.0000000000000000       -0.0000000000000000     0.0000000000000000       -0.0000000000000000     0.0000000000000000
    2    2
     0.0787622456474948     0.0000000000000000       -0.0240618757704986     0.0000000000000000       -0.0240618757704986     0.0000000000000000
    -0.0240618757704986     0.0000000000000000        0.0787622456474948     0.0000000000000000        0.0240618757704986     0.0000000000000000
    -0.0240618757704986     0.0000000000000000        0.0240618757704986     0.0000000000000000        0.0787622456474948     0.0000000000000000

     Diagonalizing the dynamical matrix

     q = (    0.500000000000   -0.500000000000   0.500000000000 )

***************************************************************************
   freq (    1) =     2.33916954 [THz] =    78.02628604 [cm-1]
(   0.000000  0.000000  -0.000000  0.000000  -0.000000  0.000000 )
(  -0.000000  0.577350  -0.092503 -0.202694  -0.092503 -0.202694 )
   freq (    2) =     2.33916954 [THz] =    78.02628604 [cm-1]
(   0.000000  0.000000  -0.000000 -0.000000  -0.000000 -0.000000 )
(  -0.000000  0.577350   0.092503  0.780044   0.092503  0.780044 )
   freq (    3) =     2.86409373 [THz] =    95.53586984 [cm-1]
(   0.000000  0.000000  -0.707107 -0.000000  -0.707107 -0.000000 )
(   0.000000 -0.000000  -0.000000  0.000000   0.000000  0.000000 )
   freq (    4) =     2.86409373 [THz] =    95.53586984 [cm-1]
(  -0.816497  0.000000  -0.408248  0.000000   0.408248  0.000000 )
(  -0.000000  0.000000   0.000000 -0.000000  -0.000000 -0.000000 )
   freq (    5) =     3.12942201 [THz] =   104.38626724 [cm-1]
(   0.577350  0.000000  -0.577350  0.000000   0.577350  0.000000 )
(  -0.000000  0.000000   0.000000 -0.000000  -0.000000 -0.000000 )
   freq (    6) =     3.56265212 [THz] =   118.83726622 [cm-1]
(   0.000000  0.000000  -0.000000  0.000000  -0.000000  0.000000 )
(  -0.000000  0.577350   0.000000 -0.577350  -0.000000 -0.577350 )
***************************************************************************
