Dynamical matrix file
File generated with the CellConstructor by Lorenzo Monacelli
2 2 0    12.4000000000000004     0.0000000000000000     0.0000000000000000     0.0000000000000000     0.0000000000000000     0.0000000000000000
Basis vectors
   -0.5000000000000000     0.0000000000000000     0.5000000000000000
    0.0000000000000000     0.5000000000000000     0.5000000000000000
   -0.5000000000000000     0.5000000000000000     0.0000000000000000
	1  'Te '  116300.2852960780001013
	2  'Sn '  108197.5459835219953675
    1     1    -0.2500000000000000    -0.2500000000000000    -0.2500000000000000
    2     2     0.2500000000000000     0.2500000000000000     0.2500000000000000

     Dynamical Matrix in cartesian axes

     q = (    0.000000000000   -1.000000000000   0.000000000000 )

    1    1
     0.0329057095200532     0.0000000000000000        0.0000000000000000     0.0000000000000000        0.0000000000000000     0.0000000000000000
    -0.0000000000000000     0.0000000000000000        0.0451212325533891     0.0000000000000000       -0.0000000000000000     0.0000000000000000
     0.0000000000000000     0.0000000000000000       -0.0000000000000000     0.0000000000000000        0.0329057095200532     0.0000000000000000
    1    2
     0.0049497645349868     0.0000000001442407        0.0000000000000000    -0.0000000000000000       -0.0000000000000000     0.0000000000000000
     0.0000000000000000    -0.0000000000000000        0.0022615062515343     0.0000000000659024        0.0000000000000000     0.0000000000000000
    -0.0000000000000000     0.0000000000000000       -0.0000000000000000     0.0000000000000000        0.0049497645349868     0.0000000001442407
    2    1
     0.0049497645349868    -0.0000000001442407       -0.0000000000000000     0.0000000000000000        0.0000000000000000     0.0000000000000000
    -0.0000000000000000     0.0000000000000000        0.0022615062515343    -0.0000000000659024        0.0000000000000000     0.0000000000000000
     0.0000000000000000     0.0000000000000000        0.0000000000000000     0.0000000000000000        0.0049497645349868    -0.0000000001442407
    2    2
     0.0109639600663618     0.0000000000000000        0.0000000000000000     0.0000000000000000        0.0000000000000000     0.0000000000000000
    -0.0000000000000000     0.0000000000000000        0.0140785091485356     0.0000000000000000       -0.0000000000000000     0.0000000000000000
     0.0000000000000000     0.0000000000000000       -0.0000000000000000     0.0000000000000000        0.0109639600663618     0.0000000000000000

     Dynamical Matrix in cartesian axes

     q = (    -1.000000000000   0.000000000000   0.000000000000 )

    1    1
     0.0451212325533891     0.0000000000000000        0.0000000000000000     0.0000000000000000        0.0000000000000000     0.0000000000000000
     0.0000000000000000     0.0000000000000000        0.0329057095200532     0.0000000000000000       -0.0000000000000000     0.0000000000000000
    -0.0000000000000000     0.0000000000000000       -0.0000000000000000     0.0000000000000000        0.0329057095200532     0.0000000000000000
    1    2
     0.0022615062515343     0.0000000000659024        0.0000000000000000    -0.0000000000000000        0.0000000000000000    -0.0000000000000000
     0.0000000000000000    -0.0000000000000000        0.0049497645349868     0.0000000001442407        0.0000000000000000    -0.0000000000000000
     0.0000000000000000    -0.0000000000000000        0.0000000000000000    -0.0000000000000000        0.0049497645349868     0.0000000001442407
    2    1
     0.0022615062515343    -0.0000000000659024        0.0000000000000000     0.0000000000000000       -0.0000000000000000     0.0000000000000000
    -0.0000000000000000     0.0000000000000000        0.0049497645349868    -0.0000000001442407       -0.0000000000000000     0.0000000000000000
    -0.0000000000000000    -0.0000000000000000        0.0000000000000000     0.0000000000000000        0.0049497645349868    -0.0000000001442407
    2    2
     0.0140785091485356     0.0000000000000000       -0.0000000000000000     0.0000000000000000        0.0000000000000000     0.0000000000000000
    -0.0000000000000000     0.0000000000000000        0.0109639600663618     0.0000000000000000       -0.0000000000000000     0.0000000000000000
     0.0000000000000000     0.0000000000000000       -0.0000000000000000     0.0000000000000000        0.0109639600663618     0.0000000000000000

     Dynamical Matrix in cartesian axes

     q = (    0.000000000000   0.000000000000   1.000000000000 )

    1    1
     0.0329057095200532     0.0000000000000000        0.0000000000000000     0.0000000000000000        0.0000000000000000     0.0000000000000000
     0.0000000000000000     0.0000000000000000        0.0329057095200532     0.0000000000000000       -0.0000000000000000     0.0000000000000000
     0.0000000000000000     0.0000000000000000        0.0000000000000000     0.0000000000000000        0.0451212325533891     0.0000000000000000
    1    2
     0.0049497645349868     0.0000000001442407       -0.0000000000000000     0.0000000000000000        0.0000000000000000     0.0000000000000000
     0.0000000000000000     0.0000000000000000        0.0049497645349868     0.0000000001442407        0.0000000000000000    -0.0000000000000000
     0.0000000000000000    -0.0000000000000000        0.0000000000000000    -0.0000000000000000        0.0022615062515343     0.0000000000659024
    2    1
     0.0049497645349868    -0.0000000001442407       -0.0000000000000000     0.0000000000000000       -0.0000000000000000     0.0000000000000000
     0.0000000000000000    -0.0000000000000000        0.0049497645349868    -0.0000000001442407       -0.0000000000000000     0.0000000000000000
    -0.0000000000000000     0.0000000000000000       -0.0000000000000000     0.0000000000000000        0.0022615062515343    -0.0000000000659024
    2    2
     0.0109639600663618     0.0000000000000000        0.0000000000000000     0.0000000000000000       -0.0000000000000000     0.0000000000000000
     0.0000000000000000     0.0000000000000000        0.0109639600663618     0.0000000000000000       -0.0000000000000000     0.0000000000000000
     0.0000000000000000     0.0000000000000000        0.0000000000000000     0.0000000000000000        0.0140785091485356     0.0000000000000000

     Diagonalizing the dynamical matrix

     q = (    0.000000000000   -1.000000000000   0.000000000000 )

***************************************************************************
   freq (    1) =     0.99339812 [THz] =    33.13618965 [cm-1]
(   0.000708  0.000000  -0.000000 -0.000000   0.224246 -0.000000 )
(  -0.003078  0.000000  -0.000000  0.000000  -0.974527  0.000000 )
   freq (    2) =     0.99339812 [THz] =    33.13618965 [cm-1]
(  -0.224246  0.000000  -0.000000 -0.000000   0.000708 -0.000000 )
(   0.974527 -0.000000   0.000000 -0.000000  -0.003078 -0.000000 )
   freq (    3) =     1.17954472 [THz] =    39.34537115 [cm-1]
(  -0.000000  0.000000   0.077480  0.000000   0.000000  0.000000 )
(   0.000000 -0.000000  -0.996994  0.000000   0.000000  0.000000 )
   freq (    4) =     1.78105167 [THz] =    59.40948054 [cm-1]
(  -0.000000  0.000000   0.000000  0.000000   0.974532  0.000000 )
(  -0.000000  0.000000   0.000000 -0.000000   0.224248 -0.000000 )
   freq (    5) =     1.78105167 [THz] =    59.40948054 [cm-1]
(   0.974532  0.000000  -0.000000  0.000000   0.000000  0.000000 )
(   0.224248 -0.000000  -0.000000  0.000000   0.000000  0.000000 )
   freq (    6) =     2.05329094 [THz] =    68.49040382 [cm-1]
(   0.000000  0.000000   0.996994 -0.000000  -0.000000 -0.000000 )
(   0.000000 -0.000000   0.077480 -0.000000  -0.000000 -0.000000 )
***************************************************************************
