Dynamical matrix file
File generated with the CellConstructor by Lorenzo Monacelli
2 2 0    12.4000000000000004     0.0000000000000000     0.0000000000000000     0.0000000000000000     0.0000000000000000     0.0000000000000000
Basis vectors
   -0.5000000000000000     0.0000000000000000     0.5000000000000000
    0.0000000000000000     0.5000000000000000     0.5000000000000000
   -0.5000000000000000     0.5000000000000000     0.0000000000000000
	1  'Te '  116300.2852960780001013
	2  'Sn '  108197.5459835219953675
    1     1    -0.2500000000000000    -0.2500000000000000    -0.2500000000000000
    2     2     0.2500000000000000     0.2500000000000000     0.2500000000000000

     Dynamical Matrix in cartesian axes

     q = (    0.000000000000   0.000000000000   0.000000000000 )

    1    1
     0.0123541494630085     0.0000000000000000        0.0000000000000000     0.0000000000000000        0.0000000000000000     0.0000000000000000
     0.0000000000000000     0.0000000000000000        0.0123541494630085     0.0000000000000000        0.0000000000000000     0.0000000000000000
    -0.0000000000000000     0.0000000000000000       -0.0000000000000000     0.0000000000000000        0.0123541494630085     0.0000000000000000
    1    2
    -0.0123541494630085     0.0000000000000000       -0.0000000000000000     0.0000000000000000       -0.0000000000000000     0.0000000000000000
    -0.0000000000000000     0.0000000000000000       -0.0123541494630085     0.0000000000000000       -0.0000000000000000     0.0000000000000000
     0.0000000000000000     0.0000000000000000        0.0000000000000000     0.0000000000000000       -0.0123541494630085     0.0000000000000000
    2    1
    -0.0123541494630085     0.0000000000000000       -0.0000000000000000     0.0000000000000000       -0.0000000000000000     0.0000000000000000
    -0.0000000000000000     0.0000000000000000       -0.0123541494630085     0.0000000000000000       -0.0000000000000000     0.0000000000000000
     0.0000000000000000     0.0000000000000000        0.0000000000000000     0.0000000000000000       -0.0123541494630085     0.0000000000000000
    2    2
     0.0123541494630085     0.0000000000000000        0.0000000000000000     0.0000000000000000        0.0000000000000000     0.0000000000000000
     0.0000000000000000     0.0000000000000000        0.0123541494630085     0.0000000000000000        0.0000000000000000     0.0000000000000000
    -0.0000000000000000     0.0000000000000000       -0.0000000000000000     0.0000000000000000        0.0123541494630085     0.0000000000000000

     Diagonalizing the dynamical matrix

     q = (    0.000000000000   0.000000000000   0.000000000000 )

***************************************************************************
   freq (    1) =    -0.00000002 [THz] =    -0.00000054 [cm-1]
(   0.001846  0.000000  -0.432596  0.000000   0.575242  0.000000 )
(   0.001781  0.000000  -0.417254  0.000000   0.554842  0.000000 )
   freq (    2) =     0.00000001 [THz] =     0.00000047 [cm-1]
(  -0.372967  0.000000   0.491412  0.000000   0.370751  0.000000 )
(  -0.359740  0.000000   0.473985  0.000000   0.357602  0.000000 )
   freq (    3) =     0.00000002 [THz] =     0.00000062 [cm-1]
(  -0.615580  0.000000  -0.299034  0.000000  -0.222905  0.000000 )
(  -0.593749  0.000000  -0.288429  0.000000  -0.215000  0.000000 )
   freq (    4) =     1.54450273 [THz] =    51.51905811 [cm-1]
(   0.337838  0.000000  -0.599682  0.000000  -0.090557  0.000000 )
(  -0.350259  0.000000   0.621731  0.000000   0.093887  0.000000 )
   freq (    5) =     1.54450273 [THz] =    51.51905811 [cm-1]
(   0.526067  0.000000   0.238178  0.000000   0.385329  0.000000 )
(  -0.545410  0.000000  -0.246935  0.000000  -0.399497  0.000000 )
   freq (    6) =     1.54450273 [THz] =    51.51905811 [cm-1]
(   0.301783  0.000000   0.256137  0.000000  -0.570328  0.000000 )
(  -0.312879  0.000000  -0.265555  0.000000   0.591298  0.000000 )
***************************************************************************
