Dynamical matrix file
File generated with the CellConstructor by Lorenzo Monacelli
2 2 0    12.4000000000000004     0.0000000000000000     0.0000000000000000     0.0000000000000000     0.0000000000000000     0.0000000000000000
Basis vectors
   -0.5000000000000000     0.0000000000000000     0.5000000000000000
    0.0000000000000000     0.5000000000000000     0.5000000000000000
   -0.5000000000000000     0.5000000000000000     0.0000000000000000
	1  'Te '  116300.2852960780001013
	2  'Sn '  108197.5459835219953675
    1     1    -0.2500000000000000    -0.2500000000000000    -0.2500000000000000
    2     2     0.2500000000000000     0.2500000000000000     0.2500000000000000

     Dynamical Matrix in cartesian axes

     q = (    0.000000000000   -1.000000000000   0.000000000000 )

    1    1
     0.0350849818213508     0.0000000000000000       -0.0000000000000000     0.0000000000000000       -0.0000000000000000     0.0000000000000000
    -0.0000000000000000     0.0000000000000000        0.0474133331641384     0.0000000000000000       -0.0000000000000000     0.0000000000000000
    -0.0000000000000000     0.0000000000000000        0.0000000000000000     0.0000000000000000        0.0350849818213508     0.0000000000000000
    1    2
     0.0070269433091623     0.0000000002047716       -0.0000000000000000     0.0000000000000000        0.0000000000000000    -0.0000000000000000
     0.0000000000000000     0.0000000000000000        0.0003824426079494     0.0000000000111447        0.0000000000000000    -0.0000000000000000
     0.0000000000000000    -0.0000000000000000        0.0000000000000000    -0.0000000000000000        0.0070269433091623     0.0000000002047716
    2    1
     0.0070269433091623    -0.0000000002047716       -0.0000000000000000    -0.0000000000000000        0.0000000000000000     0.0000000000000000
     0.0000000000000000    -0.0000000000000000        0.0003824426079494    -0.0000000000111447        0.0000000000000000     0.0000000000000000
     0.0000000000000000     0.0000000000000000        0.0000000000000000     0.0000000000000000        0.0070269433091623    -0.0000000002047716
    2    2
     0.0133806574639192     0.0000000000000000       -0.0000000000000000     0.0000000000000000       -0.0000000000000000     0.0000000000000000
    -0.0000000000000000     0.0000000000000000        0.0167566742899375     0.0000000000000000       -0.0000000000000000     0.0000000000000000
    -0.0000000000000000     0.0000000000000000       -0.0000000000000000     0.0000000000000000        0.0133806574639191     0.0000000000000000

     Dynamical Matrix in cartesian axes

     q = (    -1.000000000000   0.000000000000   0.000000000000 )

    1    1
     0.0474133331641384     0.0000000000000000        0.0000000000000000     0.0000000000000000       -0.0000000000000000     0.0000000000000000
     0.0000000000000000     0.0000000000000000        0.0350849818213508     0.0000000000000000        0.0000000000000000     0.0000000000000000
    -0.0000000000000000     0.0000000000000000        0.0000000000000000     0.0000000000000000        0.0350849818213508     0.0000000000000000
    1    2
     0.0003824426079494     0.0000000000111447        0.0000000000000000     0.0000000000000000       -0.0000000000000000     0.0000000000000000
    -0.0000000000000000     0.0000000000000000        0.0070269433091623     0.0000000002047716       -0.0000000000000000     0.0000000000000000
    -0.0000000000000000     0.0000000000000000       -0.0000000000000000    -0.0000000000000000        0.0070269433091623     0.0000000002047716
    2    1
     0.0003824426079494    -0.0000000000111447        0.0000000000000000    -0.0000000000000000       -0.0000000000000000    -0.0000000000000000
    -0.0000000000000000     0.0000000000000000        0.0070269433091623    -0.0000000002047716       -0.0000000000000000    -0.0000000000000000
    -0.0000000000000000     0.0000000000000000       -0.0000000000000000     0.0000000000000000        0.0070269433091623    -0.0000000002047716
    2    2
     0.0167566742899375     0.0000000000000000        0.0000000000000000     0.0000000000000000       -0.0000000000000000     0.0000000000000000
    -0.0000000000000000     0.0000000000000000        0.0133806574639191     0.0000000000000000        0.0000000000000000     0.0000000000000000
     0.0000000000000000     0.0000000000000000        0.0000000000000000     0.0000000000000000        0.0133806574639191     0.0000000000000000

     Dynamical Matrix in cartesian axes

     q = (    0.000000000000   0.000000000000   1.000000000000 )

    1    1
     0.0350849818213508     0.0000000000000000       -0.0000000000000000     0.0000000000000000       -0.0000000000000000     0.0000000000000000
    -0.0000000000000000     0.0000000000000000        0.0350849818213508     0.0000000000000000        0.0000000000000000     0.0000000000000000
     0.0000000000000000     0.0000000000000000        0.0000000000000000     0.0000000000000000        0.0474133331641384     0.0000000000000000
    1    2
     0.0070269433091623     0.0000000002047716        0.0000000000000000     0.0000000000000000       -0.0000000000000000     0.0000000000000000
    -0.0000000000000000    -0.0000000000000000        0.0070269433091623     0.0000000002047716        0.0000000000000000    -0.0000000000000000
    -0.0000000000000000     0.0000000000000000        0.0000000000000000     0.0000000000000000        0.0003824426079494     0.0000000000111447
    2    1
     0.0070269433091623    -0.0000000002047716        0.0000000000000000    -0.0000000000000000       -0.0000000000000000    -0.0000000000000000
    -0.0000000000000000     0.0000000000000000        0.0070269433091623    -0.0000000002047716        0.0000000000000000     0.0000000000000000
    -0.0000000000000000    -0.0000000000000000        0.0000000000000000    -0.0000000000000000        0.0003824426079494    -0.0000000000111447
    2    2
     0.0133806574639191     0.0000000000000000       -0.0000000000000000     0.0000000000000000       -0.0000000000000000     0.0000000000000000
    -0.0000000000000000     0.0000000000000000        0.0133806574639191     0.0000000000000000        0.0000000000000000     0.0000000000000000
     0.0000000000000000     0.0000000000000000        0.0000000000000000     0.0000000000000000        0.0167566742899375     0.0000000000000000

     Diagonalizing the dynamical matrix

     q = (    0.000000000000   -1.000000000000   0.000000000000 )

***************************************************************************
   freq (    1) =     1.06009792 [THz] =    35.36105514 [cm-1]
(   0.153570  0.000000   0.000000 -0.000000   0.259875 -0.000000 )
(  -0.485018  0.000000  -0.000000  0.000000  -0.820755  0.000000 )
   freq (    2) =     1.06009792 [THz] =    35.36105514 [cm-1]
(  -0.259875  0.000000   0.000000  0.000000   0.153570  0.000000 )
(   0.820755 -0.000000   0.000000  0.000000  -0.485018  0.000000 )
   freq (    3) =     1.29448201 [THz] =    43.17926595 [cm-1]
(   0.000000  0.000000  -0.013482 -0.000000   0.000000 -0.000000 )
(  -0.000000  0.000000   0.999909 -0.000000   0.000000 -0.000000 )
   freq (    4) =     1.86540273 [THz] =    62.22312854 [cm-1]
(   0.905033 -0.000000   0.000000  0.000000   0.299662  0.000000 )
(   0.286559 -0.000000  -0.000000  0.000000   0.094882  0.000000 )
   freq (    5) =     1.86540273 [THz] =    62.22312854 [cm-1]
(  -0.299662  0.000000  -0.000000  0.000000   0.905033  0.000000 )
(  -0.094882  0.000000  -0.000000  0.000000   0.286559  0.000000 )
   freq (    6) =     2.10067860 [THz] =    70.07108567 [cm-1]
(  -0.000000  0.000000   0.999909  0.000000  -0.000000  0.000000 )
(  -0.000000  0.000000   0.013482 -0.000000  -0.000000 -0.000000 )
***************************************************************************
