Dynamical matrix file
File generated with the CellConstructor by Lorenzo Monacelli
2 2 0    12.4000000000000004     0.0000000000000000     0.0000000000000000     0.0000000000000000     0.0000000000000000     0.0000000000000000
Basis vectors
   -0.5000000000000000     0.0000000000000000     0.5000000000000000
    0.0000000000000000     0.5000000000000000     0.5000000000000000
   -0.5000000000000000     0.5000000000000000     0.0000000000000000
	1  'Te '  116300.2852960780001013
	2  'Sn '  108197.5459835219953675
    1     1    -0.2500000000000000    -0.2500000000000000    -0.2500000000000000
    2     2     0.2500000000000000     0.2500000000000000     0.2500000000000000

     Dynamical Matrix in cartesian axes

     q = (    0.500000000000   -0.500000000000   0.500000000000 )

    1    1
     0.0852412442878343     0.0000000000000000       -0.0056878489381665     0.0000000000000000        0.0056878489381665     0.0000000000000000
    -0.0056878489381665     0.0000000000000000        0.0852412442878344     0.0000000000000000       -0.0056878489381665     0.0000000000000000
     0.0056878489381665     0.0000000000000000       -0.0056878489381665     0.0000000000000000        0.0852412442878343     0.0000000000000000
    1    2
    -0.0000000000000000    -0.0000000000000000       -0.0000000000000000    -0.0000000000000000        0.0000000000000000     0.0000000000000000
    -0.0000000000000000    -0.0000000000000000       -0.0000000000000000    -0.0000000000000000       -0.0000000000000000    -0.0000000000000000
     0.0000000000000000     0.0000000000000000       -0.0000000000000000    -0.0000000000000000       -0.0000000000000000    -0.0000000000000000
    2    1
    -0.0000000000000000     0.0000000000000000       -0.0000000000000000     0.0000000000000000        0.0000000000000000    -0.0000000000000000
    -0.0000000000000000     0.0000000000000000       -0.0000000000000000     0.0000000000000000       -0.0000000000000000     0.0000000000000000
     0.0000000000000000    -0.0000000000000000       -0.0000000000000000     0.0000000000000000       -0.0000000000000000     0.0000000000000000
    2    2
     0.0700956948109039     0.0000000000000000       -0.0242442701213318     0.0000000000000000        0.0242442701213318     0.0000000000000000
    -0.0242442701213318     0.0000000000000000        0.0700956948109039     0.0000000000000000       -0.0242442701213318     0.0000000000000000
     0.0242442701213318     0.0000000000000000       -0.0242442701213318     0.0000000000000000        0.0700956948109039     0.0000000000000000

     Dynamical Matrix in cartesian axes

     q = (    0.500000000000   0.500000000000   -0.500000000000 )

    1    1
     0.0852412442878344     0.0000000000000000        0.0056878489381665     0.0000000000000000       -0.0056878489381665     0.0000000000000000
     0.0056878489381665     0.0000000000000000        0.0852412442878344     0.0000000000000000       -0.0056878489381665     0.0000000000000000
    -0.0056878489381665     0.0000000000000000       -0.0056878489381665     0.0000000000000000        0.0852412442878344     0.0000000000000000
    1    2
    -0.0000000000000000    -0.0000000000000000        0.0000000000000000     0.0000000000000000       -0.0000000000000000    -0.0000000000000000
     0.0000000000000000     0.0000000000000000       -0.0000000000000000    -0.0000000000000000       -0.0000000000000000    -0.0000000000000000
    -0.0000000000000000    -0.0000000000000000       -0.0000000000000000    -0.0000000000000000       -0.0000000000000000    -0.0000000000000000
    2    1
    -0.0000000000000000     0.0000000000000000        0.0000000000000000    -0.0000000000000000       -0.0000000000000000     0.0000000000000000
     0.0000000000000000    -0.0000000000000000       -0.0000000000000000     0.0000000000000000       -0.0000000000000000     0.0000000000000000
    -0.0000000000000000     0.0000000000000000       -0.0000000000000000     0.0000000000000000       -0.0000000000000000     0.0000000000000000
    2    2
     0.0700956948109039     0.0000000000000000        0.0242442701213318     0.0000000000000000       -0.0242442701213318     0.0000000000000000
     0.0242442701213318     0.0000000000000000        0.0700956948109039     0.0000000000000000       -0.0242442701213318     0.0000000000000000
    -0.0242442701213318     0.0000000000000000       -0.0242442701213318     0.0000000000000000        0.0700956948109039     0.0000000000000000

     Dynamical Matrix in cartesian axes

     q = (    -0.500000000000   -0.500000000000   -0.500000000000 )

    1    1
     0.0852412442878344     0.0000000000000000        0.0056878489381665     0.0000000000000000        0.0056878489381665     0.0000000000000000
     0.0056878489381665     0.0000000000000000        0.0852412442878344     0.0000000000000000        0.0056878489381665     0.0000000000000000
     0.0056878489381665     0.0000000000000000        0.0056878489381665     0.0000000000000000        0.0852412442878344     0.0000000000000000
    1    2
     0.0000000000000000    -0.0000000000000000       -0.0000000000000000     0.0000000000000000       -0.0000000000000000     0.0000000000000000
    -0.0000000000000000     0.0000000000000000        0.0000000000000000    -0.0000000000000000       -0.0000000000000000     0.0000000000000000
    -0.0000000000000000     0.0000000000000000       -0.0000000000000000     0.0000000000000000        0.0000000000000000    -0.0000000000000000
    2    1
     0.0000000000000000     0.0000000000000000       -0.0000000000000000    -0.0000000000000000       -0.0000000000000000    -0.0000000000000000
    -0.0000000000000000    -0.0000000000000000        0.0000000000000000     0.0000000000000000       -0.0000000000000000    -0.0000000000000000
    -0.0000000000000000    -0.0000000000000000       -0.0000000000000000    -0.0000000000000000        0.0000000000000000     0.0000000000000000
    2    2
     0.0700956948109039     0.0000000000000000        0.0242442701213318     0.0000000000000000        0.0242442701213318     0.0000000000000000
     0.0242442701213318     0.0000000000000000        0.0700956948109039     0.0000000000000000        0.0242442701213318     0.0000000000000000
     0.0242442701213318     0.0000000000000000        0.0242442701213318     0.0000000000000000        0.0700956948109039     0.0000000000000000

     Dynamical Matrix in cartesian axes

     q = (    0.500000000000   -0.500000000000   -0.500000000000 )

    1    1
     0.0852412442878344     0.0000000000000000       -0.0056878489381665     0.0000000000000000       -0.0056878489381665     0.0000000000000000
    -0.0056878489381665     0.0000000000000000        0.0852412442878343     0.0000000000000000        0.0056878489381665     0.0000000000000000
    -0.0056878489381665     0.0000000000000000        0.0056878489381665     0.0000000000000000        0.0852412442878344     0.0000000000000000
    1    2
    -0.0000000000000000    -0.0000000000000000       -0.0000000000000000    -0.0000000000000000       -0.0000000000000000    -0.0000000000000000
    -0.0000000000000000    -0.0000000000000000       -0.0000000000000000    -0.0000000000000000        0.0000000000000000     0.0000000000000000
    -0.0000000000000000    -0.0000000000000000        0.0000000000000000     0.0000000000000000       -0.0000000000000000    -0.0000000000000000
    2    1
    -0.0000000000000000     0.0000000000000000       -0.0000000000000000     0.0000000000000000       -0.0000000000000000     0.0000000000000000
    -0.0000000000000000     0.0000000000000000       -0.0000000000000000     0.0000000000000000        0.0000000000000000    -0.0000000000000000
    -0.0000000000000000     0.0000000000000000        0.0000000000000000    -0.0000000000000000       -0.0000000000000000     0.0000000000000000
    2    2
     0.0700956948109039     0.0000000000000000       -0.0242442701213318     0.0000000000000000       -0.0242442701213318     0.0000000000000000
    -0.0242442701213318     0.0000000000000000        0.0700956948109039     0.0000000000000000        0.0242442701213318     0.0000000000000000
    -0.0242442701213318     0.0000000000000000        0.0242442701213318     0.0000000000000000        0.0700956948109039     0.0000000000000000

     Diagonalizing the dynamical matrix

     q = (    0.500000000000   -0.500000000000   0.500000000000 )

***************************************************************************
   freq (    1) =     2.14162282 [THz] =    71.43683769 [cm-1]
(   0.000000  0.000000   0.000000  0.000000   0.000000  0.000000 )
(   0.000000 -0.762800  -0.010923 -0.633359  -0.010923 -0.633359 )
   freq (    2) =     2.14162282 [THz] =    71.43683769 [cm-1]
(   0.000000  0.000000   0.000000 -0.000000   0.000000 -0.000000 )
(   0.000000 -0.291210   0.028611  0.514379   0.028611  0.514379 )
   freq (    3) =     2.72091042 [THz] =    90.75978938 [cm-1]
(   0.479188  0.000000  -0.332930 -0.000000  -0.812118 -0.000000 )
(   0.000000 -0.000000   0.000000 -0.000000  -0.000000 -0.000000 )
   freq (    4) =     2.72091042 [THz] =    90.75978938 [cm-1]
(   0.661094  0.000000   0.745536  0.000000   0.084442  0.000000 )
(  -0.000000  0.000000  -0.000000  0.000000   0.000000  0.000000 )
   freq (    5) =     2.99855161 [THz] =   100.02090125 [cm-1]
(   0.577350  0.000000  -0.577350 -0.000000   0.577350 -0.000000 )
(   0.000000 -0.000000   0.000000 -0.000000  -0.000000 -0.000000 )
   freq (    6) =     3.44413406 [THz] =   114.88392961 [cm-1]
(   0.000000  0.000000  -0.000000  0.000000  -0.000000  0.000000 )
(  -0.000000  0.577350   0.000000 -0.577350  -0.000000 -0.577350 )
***************************************************************************
