Dynamical matrix file
File generated with the CellConstructor by Lorenzo Monacelli
2 2 0    12.4000000000000004     0.0000000000000000     0.0000000000000000     0.0000000000000000     0.0000000000000000     0.0000000000000000
Basis vectors
   -0.5000000000000000     0.0000000000000000     0.5000000000000000
    0.0000000000000000     0.5000000000000000     0.5000000000000000
   -0.5000000000000000     0.5000000000000000     0.0000000000000000
	1  'Te '  116300.2852960780001013
	2  'Sn '  108197.5459835219953675
    1     1    -0.2500000000000000    -0.2500000000000000    -0.2500000000000000
    2     2     0.2500000000000000     0.2500000000000000     0.2500000000000000

     Dynamical Matrix in cartesian axes

     q = (    0.000000000000   0.000000000000   0.000000000000 )

    1    1
     0.0019517347494144     0.0000000000000000        0.0000000000000000     0.0000000000000000        0.0000000000000000     0.0000000000000000
     0.0000000000000000     0.0000000000000000        0.0019517347494144     0.0000000000000000       -0.0000000000000000     0.0000000000000000
     0.0000000000000000     0.0000000000000000       -0.0000000000000000     0.0000000000000000        0.0019517347494144     0.0000000000000000
    1    2
    -0.0019517347494144     0.0000000000000000       -0.0000000000000000     0.0000000000000000       -0.0000000000000000     0.0000000000000000
    -0.0000000000000000     0.0000000000000000       -0.0019517347494144     0.0000000000000000        0.0000000000000000     0.0000000000000000
    -0.0000000000000000     0.0000000000000000        0.0000000000000000     0.0000000000000000       -0.0019517347494144     0.0000000000000000
    2    1
    -0.0019517347494144     0.0000000000000000       -0.0000000000000000     0.0000000000000000       -0.0000000000000000     0.0000000000000000
    -0.0000000000000000     0.0000000000000000       -0.0019517347494144     0.0000000000000000        0.0000000000000000     0.0000000000000000
    -0.0000000000000000     0.0000000000000000        0.0000000000000000     0.0000000000000000       -0.0019517347494144     0.0000000000000000
    2    2
     0.0019517347494144     0.0000000000000000        0.0000000000000000     0.0000000000000000        0.0000000000000000     0.0000000000000000
     0.0000000000000000     0.0000000000000000        0.0019517347494144     0.0000000000000000       -0.0000000000000000     0.0000000000000000
     0.0000000000000000     0.0000000000000000       -0.0000000000000000     0.0000000000000000        0.0019517347494144     0.0000000000000000

     Diagonalizing the dynamical matrix

     q = (    0.000000000000   0.000000000000   0.000000000000 )

***************************************************************************
   freq (    1) =    -0.00000001 [THz] =    -0.00000026 [cm-1]
(  -0.680988  0.000000   0.139977  0.000000  -0.186299  0.000000 )
(  -0.656838  0.000000   0.135013  0.000000  -0.179692  0.000000 )
   freq (    2) =    -0.00000000 [THz] =    -0.00000009 [cm-1]
(  -0.002298  0.000000   0.571367  0.000000   0.437700  0.000000 )
(  -0.002216  0.000000   0.551104  0.000000   0.422177  0.000000 )
   freq (    3) =     0.00000001 [THz] =     0.00000032 [cm-1]
(  -0.233015  0.000000  -0.414720  0.000000   0.540146  0.000000 )
(  -0.224751  0.000000  -0.400012  0.000000   0.520990  0.000000 )
   freq (    4) =     0.61389296 [THz] =    20.47726196 [cm-1]
(   0.361109  0.000000  -0.503508  0.000000  -0.313103  0.000000 )
(  -0.374386  0.000000   0.522021  0.000000   0.324616  0.000000 )
   freq (    5) =     0.61389296 [THz] =    20.47726196 [cm-1]
(   0.000000  0.000000   0.366601  0.000000  -0.589540  0.000000 )
(   0.000000  0.000000  -0.380081  0.000000   0.611216  0.000000 )
   freq (    6) =     0.61389296 [THz] =    20.47726196 [cm-1]
(  -0.592920  0.000000  -0.306654  0.000000  -0.190691  0.000000 )
(   0.614721  0.000000   0.317929  0.000000   0.197702  0.000000 )
***************************************************************************
