Dynamical matrix file
File generated with the CellConstructor by Lorenzo Monacelli
2 2 0    12.4000000000000004     0.0000000000000000     0.0000000000000000     0.0000000000000000     0.0000000000000000     0.0000000000000000
Basis vectors
   -0.5000000000000000     0.0000000000000000     0.5000000000000000
    0.0000000000000000     0.5000000000000000     0.5000000000000000
   -0.5000000000000000     0.5000000000000000     0.0000000000000000
	1  'Te '  116300.2852960780001013
	2  'Sn '  108197.5459835219953675
    1     1    -0.2500000000000000    -0.2500000000000000    -0.2500000000000000
    2     2     0.2500000000000000     0.2500000000000000     0.2500000000000000

     Dynamical Matrix in cartesian axes

     q = (    0.000000000000   0.000000000000   0.000000000000 )

    1    1
     0.0069299404592599     0.0000000000000000        0.0000000000000000     0.0000000000000000        0.0000000000000000     0.0000000000000000
     0.0000000000000000     0.0000000000000000        0.0069299404592599     0.0000000000000000       -0.0000000000000000     0.0000000000000000
     0.0000000000000000     0.0000000000000000       -0.0000000000000000     0.0000000000000000        0.0069299404592599     0.0000000000000000
    1    2
    -0.0069299404592599     0.0000000000000000       -0.0000000000000000     0.0000000000000000       -0.0000000000000000     0.0000000000000000
    -0.0000000000000000     0.0000000000000000       -0.0069299404592599     0.0000000000000000        0.0000000000000000     0.0000000000000000
    -0.0000000000000000     0.0000000000000000        0.0000000000000000     0.0000000000000000       -0.0069299404592599     0.0000000000000000
    2    1
    -0.0069299404592599     0.0000000000000000       -0.0000000000000000     0.0000000000000000       -0.0000000000000000     0.0000000000000000
    -0.0000000000000000     0.0000000000000000       -0.0069299404592599     0.0000000000000000        0.0000000000000000     0.0000000000000000
    -0.0000000000000000     0.0000000000000000        0.0000000000000000     0.0000000000000000       -0.0069299404592599     0.0000000000000000
    2    2
     0.0069299404592599     0.0000000000000000        0.0000000000000000     0.0000000000000000        0.0000000000000000     0.0000000000000000
     0.0000000000000000     0.0000000000000000        0.0069299404592599     0.0000000000000000       -0.0000000000000000     0.0000000000000000
     0.0000000000000000     0.0000000000000000       -0.0000000000000000     0.0000000000000000        0.0069299404592599     0.0000000000000000

     Diagonalizing the dynamical matrix

     q = (    0.000000000000   0.000000000000   0.000000000000 )

***************************************************************************
   freq (    1) =    -0.00000002 [THz] =    -0.00000056 [cm-1]
(  -0.654424  0.000000   0.296890  0.000000  -0.040399  0.000000 )
(  -0.631215  0.000000   0.286361  0.000000  -0.038967  0.000000 )
   freq (    2) =     0.00000001 [THz] =     0.00000025 [cm-1]
(  -0.102453  0.000000  -0.130530  0.000000   0.700365  0.000000 )
(  -0.098819  0.000000  -0.125901  0.000000   0.675528  0.000000 )
   freq (    3) =     0.00000002 [THz] =     0.00000061 [cm-1]
(   0.281566  0.000000   0.642545  0.000000   0.160942  0.000000 )
(   0.271581  0.000000   0.619758  0.000000   0.155235  0.000000 )
   freq (    4) =     1.15676997 [THz] =    38.58568731 [cm-1]
(  -0.500891  0.000000   0.275924  0.000000   0.393609  0.000000 )
(   0.519308  0.000000  -0.286069  0.000000  -0.408081  0.000000 )
   freq (    5) =     1.15676997 [THz] =    38.58568731 [cm-1]
(   0.399362  0.000000   0.555256  0.000000   0.118973  0.000000 )
(  -0.414046  0.000000  -0.575671  0.000000  -0.123347  0.000000 )
   freq (    6) =     1.15676997 [THz] =    38.58568731 [cm-1]
(   0.267529  0.000000  -0.312267  0.000000   0.559349  0.000000 )
(  -0.277366  0.000000   0.323749  0.000000  -0.579915  0.000000 )
***************************************************************************
