Dynamical matrix file
File generated with the CellConstructor by Lorenzo Monacelli
2 2 0    12.4000000000000004     0.0000000000000000     0.0000000000000000     0.0000000000000000     0.0000000000000000     0.0000000000000000
Basis vectors
   -0.5000000000000000     0.0000000000000000     0.5000000000000000
    0.0000000000000000     0.5000000000000000     0.5000000000000000
   -0.5000000000000000     0.5000000000000000     0.0000000000000000
	1  'Te '  116300.2852960780001013
	2  'Sn '  108197.5459835219953675
    1     1    -0.2500000000000000    -0.2500000000000000    -0.2500000000000000
    2     2     0.2500000000000000     0.2500000000000000     0.2500000000000000

     Dynamical Matrix in cartesian axes

     q = (    0.000000000000   0.000000000000   0.000000000000 )

    1    1
    -0.0012931782463389     0.0000000000000000       -0.0000000000000000     0.0000000000000000        0.0000000000000000     0.0000000000000000
    -0.0000000000000000     0.0000000000000000       -0.0012931782463389     0.0000000000000000        0.0000000000000000     0.0000000000000000
     0.0000000000000000     0.0000000000000000        0.0000000000000000     0.0000000000000000       -0.0012931782463389     0.0000000000000000
    1    2
     0.0012931782463389     0.0000000000000000        0.0000000000000000     0.0000000000000000        0.0000000000000000     0.0000000000000000
    -0.0000000000000000     0.0000000000000000        0.0012931782463389     0.0000000000000000       -0.0000000000000000     0.0000000000000000
    -0.0000000000000000     0.0000000000000000        0.0000000000000000     0.0000000000000000        0.0012931782463389     0.0000000000000000
    2    1
     0.0012931782463389     0.0000000000000000       -0.0000000000000000     0.0000000000000000       -0.0000000000000000     0.0000000000000000
     0.0000000000000000     0.0000000000000000        0.0012931782463389     0.0000000000000000        0.0000000000000000     0.0000000000000000
     0.0000000000000000     0.0000000000000000       -0.0000000000000000     0.0000000000000000        0.0012931782463389     0.0000000000000000
    2    2
    -0.0012931782463389     0.0000000000000000       -0.0000000000000000     0.0000000000000000       -0.0000000000000000     0.0000000000000000
    -0.0000000000000000     0.0000000000000000       -0.0012931782463389     0.0000000000000000        0.0000000000000000     0.0000000000000000
    -0.0000000000000000     0.0000000000000000        0.0000000000000000     0.0000000000000000       -0.0012931782463389     0.0000000000000000

     Diagonalizing the dynamical matrix

     q = (    0.000000000000   0.000000000000   0.000000000000 )

***************************************************************************
   freq (    1) =    -0.49970242 [THz] =   -16.66827604 [cm-1]
(  -0.171437  0.000000  -0.669901  0.000000   0.061611  0.000000 )
(   0.177741  0.000000   0.694532  0.000000  -0.063877  0.000000 )
   freq (    2) =    -0.49970242 [THz] =   -16.66827604 [cm-1]
(  -0.660297  0.000000   0.179728  0.000000   0.116873  0.000000 )
(   0.684575  0.000000  -0.186337  0.000000  -0.121170  0.000000 )
   freq (    3) =    -0.49970242 [THz] =   -16.66827604 [cm-1]
(  -0.128728  0.000000  -0.029739  0.000000  -0.681541  0.000000 )
(   0.133461  0.000000   0.030832  0.000000   0.706600  0.000000 )
   freq (    4) =     0.00000001 [THz] =     0.00000024 [cm-1]
(   0.003882  0.000000   0.719672  0.000000   0.010192  0.000000 )
(   0.003745  0.000000   0.694149  0.000000   0.009830  0.000000 )
   freq (    5) =     0.00000003 [THz] =     0.00000101 [cm-1]
(   0.719698  0.000000  -0.003766  0.000000  -0.008201  0.000000 )
(   0.694174  0.000000  -0.003633  0.000000  -0.007910  0.000000 )
   freq (    6) =     0.00000004 [THz] =     0.00000124 [cm-1]
(   0.008147  0.000000  -0.010235  0.000000   0.719635  0.000000 )
(   0.007858  0.000000  -0.009872  0.000000   0.694114  0.000000 )
***************************************************************************
