Dynamical matrix file
File generated with the CellConstructor by Lorenzo Monacelli
2 2 0    12.4000000000000004     0.0000000000000000     0.0000000000000000     0.0000000000000000     0.0000000000000000     0.0000000000000000
Basis vectors
   -0.5000000000000000     0.0000000000000000     0.5000000000000000
    0.0000000000000000     0.5000000000000000     0.5000000000000000
   -0.5000000000000000     0.5000000000000000     0.0000000000000000
	1  'Te '  116300.2852960780001013
	2  'Sn '  108197.5459835219953675
    1     1    -0.2500000000000000    -0.2500000000000000    -0.2500000000000000
    2     2     0.2500000000000000     0.2500000000000000     0.2500000000000000

     Dynamical Matrix in cartesian axes

     q = (    0.000000000000   -1.000000000000   0.000000000000 )

    1    1
     0.0333745757189736    -0.0000000000000000       -0.0000000000000000     0.0000000000000000        0.0000000000000000    -0.0000000000000000
    -0.0000000000000000    -0.0000000000000000        0.0462846718941212     0.0000000000000000       -0.0000000000000000    -0.0000000000000000
     0.0000000000000000     0.0000000000000000       -0.0000000000000000     0.0000000000000000        0.0333745757189736     0.0000000000000000
    1    2
     0.0042653168928833     0.0000000004708828        0.0000000000000000    -0.0000000000000000        0.0000000000000000     0.0000000000000000
    -0.0000000000000000    -0.0000000000000000        0.0039107385496285    -0.0000000002228153       -0.0000000000000000     0.0000000000000000
     0.0000000000000000     0.0000000000000000        0.0000000000000000     0.0000000000000000        0.0042653168928833     0.0000000004708828
    2    1
     0.0042653168928833    -0.0000000004708828       -0.0000000000000000     0.0000000000000000        0.0000000000000000    -0.0000000000000000
     0.0000000000000000     0.0000000000000000        0.0039107385496285     0.0000000002228153        0.0000000000000000    -0.0000000000000000
     0.0000000000000000    -0.0000000000000000       -0.0000000000000000    -0.0000000000000000        0.0042653168928833    -0.0000000004708828
    2    2
     0.0122927928787562    -0.0000000000000000        0.0000000000000000     0.0000000000000000        0.0000000000000000    -0.0000000000000000
     0.0000000000000000    -0.0000000000000000        0.0158210261115775     0.0000000000000000       -0.0000000000000000    -0.0000000000000000
    -0.0000000000000000     0.0000000000000000       -0.0000000000000000     0.0000000000000000        0.0122927928787561    -0.0000000000000000

     Dynamical Matrix in cartesian axes

     q = (    -1.000000000000   0.000000000000   0.000000000000 )

    1    1
     0.0462846718941212     0.0000000000000000        0.0000000000000000     0.0000000000000000       -0.0000000000000000    -0.0000000000000000
    -0.0000000000000000     0.0000000000000000        0.0333745757189736    -0.0000000000000000       -0.0000000000000000    -0.0000000000000000
    -0.0000000000000000     0.0000000000000000       -0.0000000000000000     0.0000000000000000        0.0333745757189736     0.0000000000000000
    1    2
     0.0039107385496286    -0.0000000002228153       -0.0000000000000000     0.0000000000000000       -0.0000000000000000     0.0000000000000000
    -0.0000000000000000     0.0000000000000000        0.0042653168928833     0.0000000004708828       -0.0000000000000000     0.0000000000000000
     0.0000000000000000     0.0000000000000000       -0.0000000000000000     0.0000000000000000        0.0042653168928833     0.0000000004708828
    2    1
     0.0039107385496286     0.0000000002228153       -0.0000000000000000    -0.0000000000000000        0.0000000000000000    -0.0000000000000000
    -0.0000000000000000    -0.0000000000000000        0.0042653168928833    -0.0000000004708828       -0.0000000000000000    -0.0000000000000000
    -0.0000000000000000    -0.0000000000000000       -0.0000000000000000    -0.0000000000000000        0.0042653168928833    -0.0000000004708828
    2    2
     0.0158210261115775     0.0000000000000000        0.0000000000000000     0.0000000000000000        0.0000000000000000     0.0000000000000000
     0.0000000000000000    -0.0000000000000000        0.0122927928787562    -0.0000000000000000       -0.0000000000000000     0.0000000000000000
     0.0000000000000000    -0.0000000000000000        0.0000000000000000    -0.0000000000000000        0.0122927928787562    -0.0000000000000000

     Dynamical Matrix in cartesian axes

     q = (    0.000000000000   0.000000000000   1.000000000000 )

    1    1
     0.0333745757189736    -0.0000000000000000        0.0000000000000000     0.0000000000000000       -0.0000000000000000     0.0000000000000000
     0.0000000000000000    -0.0000000000000000        0.0333745757189736     0.0000000000000000        0.0000000000000000    -0.0000000000000000
    -0.0000000000000000    -0.0000000000000000        0.0000000000000000    -0.0000000000000000        0.0462846718941212     0.0000000000000000
    1    2
     0.0042653168928833     0.0000000004708828        0.0000000000000000    -0.0000000000000000       -0.0000000000000000     0.0000000000000000
     0.0000000000000000     0.0000000000000000        0.0042653168928833     0.0000000004708828        0.0000000000000000     0.0000000000000000
    -0.0000000000000000    -0.0000000000000000       -0.0000000000000000    -0.0000000000000000        0.0039107385496286    -0.0000000002228153
    2    1
     0.0042653168928833    -0.0000000004708828        0.0000000000000000     0.0000000000000000       -0.0000000000000000    -0.0000000000000000
     0.0000000000000000    -0.0000000000000000        0.0042653168928833    -0.0000000004708828       -0.0000000000000000     0.0000000000000000
    -0.0000000000000000     0.0000000000000000        0.0000000000000000     0.0000000000000000        0.0039107385496286     0.0000000002228153
    2    2
     0.0122927928787562     0.0000000000000000       -0.0000000000000000    -0.0000000000000000        0.0000000000000000     0.0000000000000000
     0.0000000000000000     0.0000000000000000        0.0122927928787562     0.0000000000000000       -0.0000000000000000    -0.0000000000000000
     0.0000000000000000    -0.0000000000000000       -0.0000000000000000     0.0000000000000000        0.0158210261115775    -0.0000000000000000

     Diagonalizing the dynamical matrix

     q = (    0.000000000000   -1.000000000000   0.000000000000 )

***************************************************************************
   freq (    1) =     1.06928027 [THz] =    35.66734554 [cm-1]
(   0.008170  0.000000  -0.000000 -0.000000   0.205068 -0.000000 )
(  -0.038964  0.000000  -0.000000  0.000000  -0.977938  0.000000 )
   freq (    2) =     1.06928027 [THz] =    35.66734554 [cm-1]
(   0.205068  0.000000  -0.000000  0.000000  -0.008170  0.000000 )
(  -0.977938  0.000000   0.000000 -0.000000   0.038964 -0.000000 )
   freq (    3) =     1.23745777 [THz] =    41.27714240 [cm-1]
(  -0.000000  0.000000  -0.134683  0.000000  -0.000000  0.000000 )
(   0.000000 -0.000000   0.990889 -0.000000  -0.000000 -0.000000 )
   freq (    4) =     1.78666784 [THz] =    59.59681566 [cm-1]
(  -0.881005  0.000000   0.000000 -0.000000   0.426275 -0.000000 )
(  -0.184742  0.000000  -0.000000 -0.000000   0.089388 -0.000000 )
   freq (    5) =     1.78666784 [THz] =    59.59681566 [cm-1]
(   0.426275  0.000000   0.000000  0.000000   0.881005  0.000000 )
(   0.089388 -0.000000   0.000000 -0.000000   0.184742 -0.000000 )
   freq (    6) =     2.08772704 [THz] =    69.63906799 [cm-1]
(  -0.000000  0.000000   0.990889  0.000000   0.000000  0.000000 )
(   0.000000  0.000000   0.134683  0.000000  -0.000000  0.000000 )
***************************************************************************
