Dynamical matrix file
File generated with the CellConstructor by Lorenzo Monacelli
2 2 0    12.4000000000000004     0.0000000000000000     0.0000000000000000     0.0000000000000000     0.0000000000000000     0.0000000000000000
Basis vectors
   -0.5000000000000000     0.0000000000000000     0.5000000000000000
    0.0000000000000000     0.5000000000000000     0.5000000000000000
   -0.5000000000000000     0.5000000000000000     0.0000000000000000
	1  'Te '  116300.2852960780001013
	2  'Sn '  108197.5459835219953675
    1     1    -0.2500000000000000    -0.2500000000000000    -0.2500000000000000
    2     2     0.2500000000000000     0.2500000000000000     0.2500000000000000

     Dynamical Matrix in cartesian axes

     q = (    0.000000000000   0.000000000000   0.000000000000 )

    1    1
     0.0008059322807116     0.0000000000000000        0.0000000000000000     0.0000000000000000        0.0000000000000000     0.0000000000000000
     0.0000000000000000     0.0000000000000000        0.0008059322807116     0.0000000000000000       -0.0000000000000000     0.0000000000000000
    -0.0000000000000000     0.0000000000000000       -0.0000000000000000     0.0000000000000000        0.0008059322807116     0.0000000000000000
    1    2
    -0.0008059322807116     0.0000000000000000        0.0000000000000000     0.0000000000000000       -0.0000000000000000     0.0000000000000000
    -0.0000000000000000     0.0000000000000000       -0.0008059322807116     0.0000000000000000        0.0000000000000000     0.0000000000000000
     0.0000000000000000     0.0000000000000000        0.0000000000000000     0.0000000000000000       -0.0008059322807116     0.0000000000000000
    2    1
    -0.0008059322807116     0.0000000000000000       -0.0000000000000000     0.0000000000000000       -0.0000000000000000     0.0000000000000000
     0.0000000000000000     0.0000000000000000       -0.0008059322807116     0.0000000000000000       -0.0000000000000000     0.0000000000000000
     0.0000000000000000     0.0000000000000000        0.0000000000000000     0.0000000000000000       -0.0008059322807116     0.0000000000000000
    2    2
     0.0008059322807116     0.0000000000000000       -0.0000000000000000     0.0000000000000000        0.0000000000000000     0.0000000000000000
    -0.0000000000000000     0.0000000000000000        0.0008059322807116     0.0000000000000000        0.0000000000000000     0.0000000000000000
    -0.0000000000000000     0.0000000000000000       -0.0000000000000000     0.0000000000000000        0.0008059322807116     0.0000000000000000

     Diagonalizing the dynamical matrix

     q = (    0.000000000000   0.000000000000   0.000000000000 )

***************************************************************************
   freq (    1) =    -0.00000003 [THz] =    -0.00000090 [cm-1]
(   0.123891  0.000000   0.019129  0.000000   0.708753  0.000000 )
(   0.119498  0.000000   0.018450  0.000000   0.683618  0.000000 )
   freq (    2) =    -0.00000001 [THz] =    -0.00000025 [cm-1]
(   0.709011  0.000000  -0.003650  0.000000  -0.123838  0.000000 )
(   0.683867  0.000000  -0.003520  0.000000  -0.119446  0.000000 )
   freq (    3) =     0.00000004 [THz] =     0.00000144 [cm-1]
(   0.000303  0.000000   0.719491  0.000000  -0.019472  0.000000 )
(   0.000292  0.000000   0.693975  0.000000  -0.018781  0.000000 )
   freq (    4) =     0.39448594 [THz] =    13.15863270 [cm-1]
(   0.021847  0.000000  -0.071157  0.000000  -0.690227  0.000000 )
(  -0.022650  0.000000   0.073773  0.000000   0.715605  0.000000 )
   freq (    5) =     0.39448594 [THz] =    13.15863270 [cm-1]
(  -0.615894  0.000000   0.316095  0.000000  -0.052081  0.000000 )
(   0.638539  0.000000  -0.327718  0.000000   0.053996  0.000000 )
   freq (    6) =     0.39448594 [THz] =    13.15863270 [cm-1]
(  -0.319611  0.000000  -0.613982  0.000000   0.053180  0.000000 )
(   0.331363  0.000000   0.636557  0.000000  -0.055136  0.000000 )
***************************************************************************
