Dynamical matrix file
File generated with the CellConstructor by Lorenzo Monacelli
2 2 0    12.4000000000000004     0.0000000000000000     0.0000000000000000     0.0000000000000000     0.0000000000000000     0.0000000000000000
Basis vectors
   -0.5000000000000000     0.0000000000000000     0.5000000000000000
    0.0000000000000000     0.5000000000000000     0.5000000000000000
   -0.5000000000000000     0.5000000000000000     0.0000000000000000
	1  'Te '  116300.2852960780001013
	2  'Sn '  108197.5459835219953675
    1     1    -0.2500000000000000    -0.2500000000000000    -0.2500000000000000
    2     2     0.2500000000000000     0.2500000000000000     0.2500000000000000

     Dynamical Matrix in cartesian axes

     q = (    0.000000000000   -1.000000000000   0.000000000000 )

    1    1
     0.0312201041031657    -0.0000000000000000       -0.0000000000000000    -0.0000000000000000       -0.0000000000000000    -0.0000000000000000
    -0.0000000000000000     0.0000000000000000        0.0441599932150429    -0.0000000000000000       -0.0000000000000000    -0.0000000000000000
    -0.0000000000000000     0.0000000000000000       -0.0000000000000000     0.0000000000000000        0.0312201041031656    -0.0000000000000000
    1    2
     0.0025748557443978     0.0000000003447500       -0.0000000000000000     0.0000000000000000        0.0000000000000000     0.0000000000000000
     0.0000000000000000    -0.0000000000000000        0.0053415141008857    -0.0000000001094476        0.0000000000000000     0.0000000000000000
     0.0000000000000000     0.0000000000000000       -0.0000000000000000    -0.0000000000000000        0.0025748557443978     0.0000000003447500
    2    1
     0.0025748557443978    -0.0000000003447500       -0.0000000000000000     0.0000000000000000        0.0000000000000000    -0.0000000000000000
    -0.0000000000000000    -0.0000000000000000        0.0053415141008857     0.0000000001094476       -0.0000000000000000    -0.0000000000000000
     0.0000000000000000    -0.0000000000000000        0.0000000000000000     0.0000000000000000        0.0025748557443978    -0.0000000003447500
    2    2
     0.0096236020443414    -0.0000000000000000       -0.0000000000000000     0.0000000000000000        0.0000000000000000     0.0000000000000000
    -0.0000000000000000    -0.0000000000000000        0.0126780464481437    -0.0000000000000000        0.0000000000000000     0.0000000000000000
    -0.0000000000000000    -0.0000000000000000       -0.0000000000000000    -0.0000000000000000        0.0096236020443414    -0.0000000000000000

     Dynamical Matrix in cartesian axes

     q = (    -1.000000000000   0.000000000000   0.000000000000 )

    1    1
     0.0441599932150429    -0.0000000000000000       -0.0000000000000000    -0.0000000000000000       -0.0000000000000000    -0.0000000000000000
     0.0000000000000000     0.0000000000000000        0.0312201041031657     0.0000000000000000        0.0000000000000000     0.0000000000000000
     0.0000000000000000     0.0000000000000000        0.0000000000000000     0.0000000000000000        0.0312201041031656     0.0000000000000000
    1    2
     0.0053415141008857    -0.0000000001094476        0.0000000000000000     0.0000000000000000       -0.0000000000000000    -0.0000000000000000
    -0.0000000000000000    -0.0000000000000000        0.0025748557443978     0.0000000003447500       -0.0000000000000000    -0.0000000000000000
     0.0000000000000000     0.0000000000000000       -0.0000000000000000     0.0000000000000000        0.0025748557443978     0.0000000003447500
    2    1
     0.0053415141008857     0.0000000001094476       -0.0000000000000000    -0.0000000000000000       -0.0000000000000000     0.0000000000000000
     0.0000000000000000     0.0000000000000000        0.0025748557443978    -0.0000000003447500       -0.0000000000000000     0.0000000000000000
     0.0000000000000000    -0.0000000000000000       -0.0000000000000000    -0.0000000000000000        0.0025748557443978    -0.0000000003447500
    2    2
     0.0126780464481437     0.0000000000000000       -0.0000000000000000    -0.0000000000000000       -0.0000000000000000    -0.0000000000000000
     0.0000000000000000     0.0000000000000000        0.0096236020443414     0.0000000000000000       -0.0000000000000000    -0.0000000000000000
    -0.0000000000000000     0.0000000000000000       -0.0000000000000000     0.0000000000000000        0.0096236020443414     0.0000000000000000

     Dynamical Matrix in cartesian axes

     q = (    0.000000000000   0.000000000000   1.000000000000 )

    1    1
     0.0312201041031657     0.0000000000000000       -0.0000000000000000     0.0000000000000000       -0.0000000000000000    -0.0000000000000000
    -0.0000000000000000    -0.0000000000000000        0.0312201041031657    -0.0000000000000000       -0.0000000000000000     0.0000000000000000
     0.0000000000000000     0.0000000000000000        0.0000000000000000    -0.0000000000000000        0.0441599932150429     0.0000000000000000
    1    2
     0.0025748557443978     0.0000000003447500       -0.0000000000000000    -0.0000000000000000       -0.0000000000000000    -0.0000000000000000
     0.0000000000000000    -0.0000000000000000        0.0025748557443978     0.0000000003447500       -0.0000000000000000    -0.0000000000000000
    -0.0000000000000000     0.0000000000000000       -0.0000000000000000     0.0000000000000000        0.0053415141008857    -0.0000000001094476
    2    1
     0.0025748557443978    -0.0000000003447500        0.0000000000000000    -0.0000000000000000       -0.0000000000000000     0.0000000000000000
    -0.0000000000000000     0.0000000000000000        0.0025748557443978    -0.0000000003447500        0.0000000000000000     0.0000000000000000
    -0.0000000000000000    -0.0000000000000000       -0.0000000000000000     0.0000000000000000        0.0053415141008857     0.0000000001094476
    2    2
     0.0096236020443414     0.0000000000000000       -0.0000000000000000     0.0000000000000000       -0.0000000000000000    -0.0000000000000000
    -0.0000000000000000    -0.0000000000000000        0.0096236020443414    -0.0000000000000000       -0.0000000000000000     0.0000000000000000
    -0.0000000000000000     0.0000000000000000       -0.0000000000000000    -0.0000000000000000        0.0126780464481437     0.0000000000000000

     Diagonalizing the dynamical matrix

     q = (    0.000000000000   -1.000000000000   0.000000000000 )

***************************************************************************
   freq (    1) =     0.96508550 [THz] =    32.19178239 [cm-1]
(   0.124489  0.000000   0.000000 -0.000000   0.009700 -0.000000 )
(  -0.989176  0.000000  -0.000000  0.000000  -0.077073  0.000000 )
   freq (    2) =     0.96508550 [THz] =    32.19178239 [cm-1]
(  -0.009700  0.000000   0.000000 -0.000000   0.124489 -0.000000 )
(   0.077073 -0.000000   0.000000  0.000000  -0.989176  0.000000 )
   freq (    3) =     1.08517537 [THz] =    36.19754885 [cm-1]
(  -0.000000  0.000000   0.173120 -0.000000   0.000000 -0.000000 )
(   0.000000 -0.000000  -0.984901  0.000000  -0.000000  0.000000 )
   freq (    4) =     1.71366657 [THz] =    57.16175565 [cm-1]
(   0.287645  0.000000  -0.000000 -0.000000   0.949562 -0.000000 )
(   0.036201 -0.000000   0.000000 -0.000000   0.119504 -0.000000 )
   freq (    5) =     1.71366657 [THz] =    57.16175565 [cm-1]
(   0.949562 -0.000000   0.000000  0.000000  -0.287645  0.000000 )
(   0.119504 -0.000000  -0.000000  0.000000  -0.036201  0.000000 )
   freq (    6) =     2.04943415 [THz] =    68.36175509 [cm-1]
(  -0.000000  0.000000   0.984901 -0.000000   0.000000 -0.000000 )
(   0.000000 -0.000000   0.173120 -0.000000   0.000000 -0.000000 )
***************************************************************************
