Dynamical matrix file
File generated with the CellConstructor by Lorenzo Monacelli
2 2 0    12.4000000000000004     0.0000000000000000     0.0000000000000000     0.0000000000000000     0.0000000000000000     0.0000000000000000
Basis vectors
   -0.5000000000000000     0.0000000000000000     0.5000000000000000
    0.0000000000000000     0.5000000000000000     0.5000000000000000
   -0.5000000000000000     0.5000000000000000     0.0000000000000000
	1  'Te '  116300.2852960780001013
	2  'Sn '  108197.5459835219953675
    1     1    -0.2500000000000000    -0.2500000000000000    -0.2500000000000000
    2     2     0.2500000000000000     0.2500000000000000     0.2500000000000000

     Dynamical Matrix in cartesian axes

     q = (    0.000000000000   -1.000000000000   0.000000000000 )

    1    1
     0.0296832047393569    -0.0000000000000000       -0.0000000000000000     0.0000000000000000       -0.0000000000000000    -0.0000000000000000
    -0.0000000000000000     0.0000000000000000        0.0423620403437643    -0.0000000000000000       -0.0000000000000000    -0.0000000000000000
    -0.0000000000000000     0.0000000000000000        0.0000000000000000     0.0000000000000000        0.0296832047393569     0.0000000000000000
    1    2
     0.0016902271616262     0.0000000002047716        0.0000000000000000     0.0000000000000000       -0.0000000000000000    -0.0000000000000000
     0.0000000000000000     0.0000000000000000        0.0055853995217867     0.0000000000111447        0.0000000000000000    -0.0000000000000000
     0.0000000000000000    -0.0000000000000000        0.0000000000000000    -0.0000000000000000        0.0016902271616262     0.0000000002047716
    2    1
     0.0016902271616262    -0.0000000002047716        0.0000000000000000    -0.0000000000000000        0.0000000000000000     0.0000000000000000
     0.0000000000000000    -0.0000000000000000        0.0055853995217867    -0.0000000000111447        0.0000000000000000     0.0000000000000000
    -0.0000000000000000     0.0000000000000000        0.0000000000000000     0.0000000000000000        0.0016902271616262    -0.0000000002047716
    2    2
     0.0081072116177012     0.0000000000000000       -0.0000000000000000    -0.0000000000000000       -0.0000000000000000    -0.0000000000000000
    -0.0000000000000000    -0.0000000000000000        0.0113953317465223     0.0000000000000000       -0.0000000000000000     0.0000000000000000
    -0.0000000000000000     0.0000000000000000       -0.0000000000000000    -0.0000000000000000        0.0081072116177012     0.0000000000000000

     Dynamical Matrix in cartesian axes

     q = (    -1.000000000000   0.000000000000   0.000000000000 )

    1    1
     0.0423620403437643    -0.0000000000000000        0.0000000000000000    -0.0000000000000000        0.0000000000000000    -0.0000000000000000
     0.0000000000000000     0.0000000000000000        0.0296832047393569     0.0000000000000000        0.0000000000000000     0.0000000000000000
    -0.0000000000000000     0.0000000000000000        0.0000000000000000    -0.0000000000000000        0.0296832047393569     0.0000000000000000
    1    2
     0.0055853995217867     0.0000000000111447       -0.0000000000000000     0.0000000000000000        0.0000000000000000     0.0000000000000000
    -0.0000000000000000     0.0000000000000000        0.0016902271616262     0.0000000002047716        0.0000000000000000     0.0000000000000000
    -0.0000000000000000     0.0000000000000000       -0.0000000000000000    -0.0000000000000000        0.0016902271616262     0.0000000002047716
    2    1
     0.0055853995217867    -0.0000000000111447        0.0000000000000000    -0.0000000000000000       -0.0000000000000000    -0.0000000000000000
    -0.0000000000000000    -0.0000000000000000        0.0016902271616262    -0.0000000002047716       -0.0000000000000000    -0.0000000000000000
     0.0000000000000000     0.0000000000000000       -0.0000000000000000     0.0000000000000000        0.0016902271616262    -0.0000000002047716
    2    2
     0.0113953317465223     0.0000000000000000       -0.0000000000000000    -0.0000000000000000       -0.0000000000000000    -0.0000000000000000
    -0.0000000000000000     0.0000000000000000        0.0081072116177012    -0.0000000000000000        0.0000000000000000    -0.0000000000000000
    -0.0000000000000000     0.0000000000000000        0.0000000000000000     0.0000000000000000        0.0081072116177012     0.0000000000000000

     Dynamical Matrix in cartesian axes

     q = (    0.000000000000   0.000000000000   1.000000000000 )

    1    1
     0.0296832047393569    -0.0000000000000000       -0.0000000000000000     0.0000000000000000       -0.0000000000000000     0.0000000000000000
    -0.0000000000000000    -0.0000000000000000        0.0296832047393569     0.0000000000000000       -0.0000000000000000     0.0000000000000000
     0.0000000000000000    -0.0000000000000000        0.0000000000000000    -0.0000000000000000        0.0423620403437643     0.0000000000000000
    1    2
     0.0016902271616262     0.0000000002047716       -0.0000000000000000     0.0000000000000000       -0.0000000000000000     0.0000000000000000
    -0.0000000000000000    -0.0000000000000000        0.0016902271616262     0.0000000002047716       -0.0000000000000000    -0.0000000000000000
     0.0000000000000000     0.0000000000000000       -0.0000000000000000     0.0000000000000000        0.0055853995217867     0.0000000000111447
    2    1
     0.0016902271616262    -0.0000000002047716        0.0000000000000000    -0.0000000000000000        0.0000000000000000    -0.0000000000000000
    -0.0000000000000000     0.0000000000000000        0.0016902271616262    -0.0000000002047716       -0.0000000000000000     0.0000000000000000
    -0.0000000000000000    -0.0000000000000000       -0.0000000000000000    -0.0000000000000000        0.0055853995217867    -0.0000000000111447
    2    2
     0.0081072116177012    -0.0000000000000000       -0.0000000000000000     0.0000000000000000       -0.0000000000000000    -0.0000000000000000
    -0.0000000000000000    -0.0000000000000000        0.0081072116177012    -0.0000000000000000        0.0000000000000000     0.0000000000000000
    -0.0000000000000000     0.0000000000000000        0.0000000000000000    -0.0000000000000000        0.0113953317465223    -0.0000000000000000

     Diagonalizing the dynamical matrix

     q = (    0.000000000000   -1.000000000000   0.000000000000 )

***************************************************************************
   freq (    1) =     0.89299221 [THz] =    29.78700976 [cm-1]
(   0.080831 -0.000000   0.000000 -0.000000   0.017532 -0.000000 )
(  -0.973927  0.000000  -0.000000  0.000000  -0.211245  0.000000 )
   freq (    2) =     0.89299221 [THz] =    29.78700976 [cm-1]
(  -0.017532  0.000000   0.000000 -0.000000   0.080831 -0.000000 )
(   0.211245 -0.000000  -0.000000  0.000000  -0.973927  0.000000 )
   freq (    3) =     1.01971842 [THz] =    34.01414021 [cm-1]
(   0.000000  0.000000  -0.182550  0.000003  -0.000000  0.000003 )
(  -0.000000  0.000000   0.983197 -0.000014  -0.000000 -0.000014 )
   freq (    4) =     1.66610216 [THz] =    55.57517812 [cm-1]
(   0.353446  0.000000   0.000000  0.000000   0.931791  0.000000 )
(   0.029334 -0.000000   0.000000  0.000000   0.077334  0.000000 )
   freq (    5) =     1.66610216 [THz] =    55.57517812 [cm-1]
(   0.931791 -0.000000   0.000000 -0.000000  -0.353446 -0.000000 )
(   0.077334 -0.000000   0.000000 -0.000000  -0.029334 -0.000000 )
   freq (    6) =     2.01055450 [THz] =    67.06486966 [cm-1]
(  -0.000000  0.000000   0.983197  0.000000  -0.000000  0.000000 )
(  -0.000000  0.000000   0.182550 -0.000000   0.000000 -0.000000 )
***************************************************************************
