Dynamical matrix file
File generated with the CellConstructor by Lorenzo Monacelli
2 2 0    12.4000000000000004     0.0000000000000000     0.0000000000000000     0.0000000000000000     0.0000000000000000     0.0000000000000000
Basis vectors
   -0.5000000000000000     0.0000000000000000     0.5000000000000000
    0.0000000000000000     0.5000000000000000     0.5000000000000000
   -0.5000000000000000     0.5000000000000000     0.0000000000000000
	1  'Te '  116300.2852960780001013
	2  'Sn '  108197.5459835219953675
    1     1    -0.2500000000000000    -0.2500000000000000    -0.2500000000000000
    2     2     0.2500000000000000     0.2500000000000000     0.2500000000000000

     Dynamical Matrix in cartesian axes

     q = (    0.500000000000   -0.500000000000   0.500000000000 )

    1    1
     0.0365725986467073     0.0000000000000000       -0.0048791028584827    -0.0000000000000000        0.0048791028584827     0.0000000000000000
    -0.0048791028584827     0.0000000000000000        0.0365725986467075    -0.0000000000000000       -0.0048791028584827    -0.0000000000000000
     0.0048791028584827    -0.0000000000000000       -0.0048791028584827     0.0000000000000000        0.0365725986467075    -0.0000000000000000
    1    2
    -0.0000000000000000    -0.0000000000000000        0.0000000000000000     0.0000000000000000       -0.0000000000000000    -0.0000000000000000
    -0.0000000000000000    -0.0000000000000000       -0.0000000000000000     0.0000000000000000       -0.0000000000000000    -0.0000000000000000
     0.0000000000000000     0.0000000000000000       -0.0000000000000000    -0.0000000000000000       -0.0000000000000000    -0.0000000000000000
    2    1
    -0.0000000000000000     0.0000000000000000       -0.0000000000000000     0.0000000000000000        0.0000000000000000    -0.0000000000000000
     0.0000000000000000    -0.0000000000000000       -0.0000000000000000    -0.0000000000000000       -0.0000000000000000     0.0000000000000000
    -0.0000000000000000     0.0000000000000000       -0.0000000000000000     0.0000000000000000       -0.0000000000000000     0.0000000000000000
    2    2
     0.0371422773472527     0.0000000000000000       -0.0243237741899179     0.0000000000000000        0.0243237741899178     0.0000000000000000
    -0.0243237741899179    -0.0000000000000000        0.0371422773472529     0.0000000000000000       -0.0243237741899178    -0.0000000000000000
     0.0243237741899178    -0.0000000000000000       -0.0243237741899178     0.0000000000000000        0.0371422773472529    -0.0000000000000000

     Dynamical Matrix in cartesian axes

     q = (    0.500000000000   0.500000000000   -0.500000000000 )

    1    1
     0.0365725986467073     0.0000000000000000        0.0048791028584827    -0.0000000000000000       -0.0048791028584827     0.0000000000000000
     0.0048791028584827     0.0000000000000000        0.0365725986467075    -0.0000000000000000       -0.0048791028584827    -0.0000000000000000
    -0.0048791028584827    -0.0000000000000000       -0.0048791028584827     0.0000000000000000        0.0365725986467075    -0.0000000000000000
    1    2
    -0.0000000000000000    -0.0000000000000000        0.0000000000000000     0.0000000000000000        0.0000000000000000     0.0000000000000000
    -0.0000000000000000    -0.0000000000000000       -0.0000000000000000     0.0000000000000000        0.0000000000000000     0.0000000000000000
    -0.0000000000000000     0.0000000000000000        0.0000000000000000    -0.0000000000000000        0.0000000000000000     0.0000000000000000
    2    1
    -0.0000000000000000     0.0000000000000000       -0.0000000000000000     0.0000000000000000       -0.0000000000000000    -0.0000000000000000
     0.0000000000000000    -0.0000000000000000       -0.0000000000000000    -0.0000000000000000        0.0000000000000000     0.0000000000000000
     0.0000000000000000    -0.0000000000000000        0.0000000000000000    -0.0000000000000000        0.0000000000000000    -0.0000000000000000
    2    2
     0.0371422773472527     0.0000000000000000        0.0243237741899178    -0.0000000000000000       -0.0243237741899178     0.0000000000000000
     0.0243237741899178     0.0000000000000000        0.0371422773472529    -0.0000000000000000       -0.0243237741899178     0.0000000000000000
    -0.0243237741899178    -0.0000000000000000       -0.0243237741899178    -0.0000000000000000        0.0371422773472528    -0.0000000000000000

     Dynamical Matrix in cartesian axes

     q = (    -0.500000000000   -0.500000000000   -0.500000000000 )

    1    1
     0.0365725986467073     0.0000000000000000        0.0048791028584827     0.0000000000000000        0.0048791028584827     0.0000000000000000
     0.0048791028584827    -0.0000000000000000        0.0365725986467075    -0.0000000000000000        0.0048791028584827     0.0000000000000000
     0.0048791028584827    -0.0000000000000000        0.0048791028584827    -0.0000000000000000        0.0365725986467075    -0.0000000000000000
    1    2
     0.0000000000000000     0.0000000000000000       -0.0000000000000000     0.0000000000000000        0.0000000000000000    -0.0000000000000000
     0.0000000000000000    -0.0000000000000000       -0.0000000000000000    -0.0000000000000000       -0.0000000000000000     0.0000000000000000
     0.0000000000000000    -0.0000000000000000       -0.0000000000000000     0.0000000000000000        0.0000000000000000    -0.0000000000000000
    2    1
     0.0000000000000000    -0.0000000000000000        0.0000000000000000     0.0000000000000000        0.0000000000000000     0.0000000000000000
    -0.0000000000000000    -0.0000000000000000       -0.0000000000000000     0.0000000000000000       -0.0000000000000000    -0.0000000000000000
     0.0000000000000000     0.0000000000000000       -0.0000000000000000    -0.0000000000000000        0.0000000000000000     0.0000000000000000
    2    2
     0.0371422773472527     0.0000000000000000        0.0243237741899178    -0.0000000000000000        0.0243237741899178    -0.0000000000000000
     0.0243237741899178     0.0000000000000000        0.0371422773472529     0.0000000000000000        0.0243237741899178    -0.0000000000000000
     0.0243237741899178     0.0000000000000000        0.0243237741899178     0.0000000000000000        0.0371422773472528     0.0000000000000000

     Dynamical Matrix in cartesian axes

     q = (    0.500000000000   -0.500000000000   -0.500000000000 )

    1    1
     0.0365725986467072    -0.0000000000000000       -0.0048791028584827     0.0000000000000000       -0.0048791028584827     0.0000000000000000
    -0.0048791028584827    -0.0000000000000000        0.0365725986467075    -0.0000000000000000        0.0048791028584827     0.0000000000000000
    -0.0048791028584827    -0.0000000000000000        0.0048791028584827    -0.0000000000000000        0.0365725986467074     0.0000000000000000
    1    2
     0.0000000000000000     0.0000000000000000       -0.0000000000000000     0.0000000000000000       -0.0000000000000000     0.0000000000000000
     0.0000000000000000     0.0000000000000000        0.0000000000000000    -0.0000000000000000        0.0000000000000000    -0.0000000000000000
    -0.0000000000000000    -0.0000000000000000        0.0000000000000000    -0.0000000000000000       -0.0000000000000000    -0.0000000000000000
    2    1
     0.0000000000000000    -0.0000000000000000        0.0000000000000000    -0.0000000000000000       -0.0000000000000000     0.0000000000000000
    -0.0000000000000000    -0.0000000000000000        0.0000000000000000     0.0000000000000000        0.0000000000000000     0.0000000000000000
    -0.0000000000000000    -0.0000000000000000        0.0000000000000000     0.0000000000000000       -0.0000000000000000     0.0000000000000000
    2    2
     0.0371422773472527     0.0000000000000000       -0.0243237741899179    -0.0000000000000000       -0.0243237741899179    -0.0000000000000000
    -0.0243237741899179     0.0000000000000000        0.0371422773472529     0.0000000000000000        0.0243237741899178    -0.0000000000000000
    -0.0243237741899179     0.0000000000000000        0.0243237741899178     0.0000000000000000        0.0371422773472528    -0.0000000000000000

     Diagonalizing the dynamical matrix

     q = (    0.500000000000   -0.500000000000   0.500000000000 )

***************************************************************************
   freq (    1) =     1.13236184 [THz] =    37.77151994 [cm-1]
(  -0.000000  0.000000  -0.000000  0.000000  -0.000000  0.000000 )
(  -0.805360  0.005860  -0.286405  0.001861   0.518955  0.001861 )
   freq (    2) =     1.13236184 [THz] =    37.77151994 [cm-1]
(  -0.000000  0.000000  -0.000000  0.000000   0.000000  0.000000 )
(  -0.134268 -0.000117  -0.764614  0.000667  -0.630346  0.000667 )
   freq (    3) =     1.71739406 [THz] =    57.28609139 [cm-1]
(   0.814722  0.000000   0.360765 -0.000000  -0.453957 -0.000000 )
(  -0.000000  0.000000  -0.000000  0.000000   0.000000  0.000000 )
   freq (    4) =     1.71739406 [THz] =    57.28609139 [cm-1]
(   0.053805  0.000000   0.732472  0.000000   0.678668  0.000000 )
(  -0.000000  0.000000  -0.000000  0.000000   0.000000  0.000000 )
   freq (    5) =     2.07644200 [THz] =    69.26263974 [cm-1]
(  -0.577350  0.000000   0.577350 -0.000000  -0.577350 -0.000000 )
(  -0.000000 -0.000000   0.000000 -0.000000  -0.000000 -0.000000 )
   freq (    6) =     2.92943902 [THz] =    97.71555359 [cm-1]
(   0.000000  0.000000  -0.000000  0.000000  -0.000000  0.000000 )
(  -0.577341  0.003301   0.577341 -0.003301  -0.577341 -0.003301 )
***************************************************************************
