Dynamical matrix file
File generated with the CellConstructor by Lorenzo Monacelli
2 2 0    12.4000000000000004     0.0000000000000000     0.0000000000000000     0.0000000000000000     0.0000000000000000     0.0000000000000000
Basis vectors
   -0.5000000000000000     0.0000000000000000     0.5000000000000000
    0.0000000000000000     0.5000000000000000     0.5000000000000000
   -0.5000000000000000     0.5000000000000000     0.0000000000000000
	1  'Te '  116300.2852960780001013
	2  'Sn '  108197.5459835219953675
    1     1    -0.2500000000000000    -0.2500000000000000    -0.2500000000000000
    2     2     0.2500000000000000     0.2500000000000000     0.2500000000000000

     Dynamical Matrix in cartesian axes

     q = (    0.000000000000   -1.000000000000   0.000000000000 )

    1    1
     0.0317295690807890     0.0000000000000000        0.0000000000000000    -0.0000000000000000        0.0000000000000000    -0.0000000000000000
     0.0000000000000000     0.0000000000000000        0.0444130767960310     0.0000000000000000       -0.0000000000000000    -0.0000000000000000
     0.0000000000000000     0.0000000000000000       -0.0000000000000000     0.0000000000000000        0.0317295690807890    -0.0000000000000000
    1    2
     0.0026380165988617     0.0000000003944044       -0.0000000000000000     0.0000000000000000       -0.0000000000000000     0.0000000000000000
     0.0000000000000000    -0.0000000000000000        0.0054135453783838    -0.0000000001523151       -0.0000000000000000     0.0000000000000000
     0.0000000000000000    -0.0000000000000000        0.0000000000000000    -0.0000000000000000        0.0026380165988617     0.0000000003944044
    2    1
     0.0026380165988617    -0.0000000003944044        0.0000000000000000    -0.0000000000000000        0.0000000000000000    -0.0000000000000000
    -0.0000000000000000     0.0000000000000000        0.0054135453783838     0.0000000001523151        0.0000000000000000    -0.0000000000000000
     0.0000000000000000     0.0000000000000000       -0.0000000000000000     0.0000000000000000        0.0026380165988617    -0.0000000003944044
    2    2
     0.0100735263765590     0.0000000000000000       -0.0000000000000000     0.0000000000000000       -0.0000000000000000     0.0000000000000000
     0.0000000000000000    -0.0000000000000000        0.0132808307478101    -0.0000000000000000       -0.0000000000000000     0.0000000000000000
    -0.0000000000000000    -0.0000000000000000       -0.0000000000000000    -0.0000000000000000        0.0100735263765590     0.0000000000000000

     Dynamical Matrix in cartesian axes

     q = (    -1.000000000000   0.000000000000   0.000000000000 )

    1    1
     0.0444130767960310     0.0000000000000000        0.0000000000000000    -0.0000000000000000        0.0000000000000000     0.0000000000000000
     0.0000000000000000     0.0000000000000000        0.0317295690807890    -0.0000000000000000       -0.0000000000000000    -0.0000000000000000
    -0.0000000000000000    -0.0000000000000000       -0.0000000000000000     0.0000000000000000        0.0317295690807890    -0.0000000000000000
    1    2
     0.0054135453783838    -0.0000000001523151        0.0000000000000000    -0.0000000000000000       -0.0000000000000000    -0.0000000000000000
    -0.0000000000000000     0.0000000000000000        0.0026380165988617     0.0000000003944044       -0.0000000000000000    -0.0000000000000000
    -0.0000000000000000    -0.0000000000000000       -0.0000000000000000    -0.0000000000000000        0.0026380165988617     0.0000000003944044
    2    1
     0.0054135453783838     0.0000000001523151       -0.0000000000000000     0.0000000000000000       -0.0000000000000000     0.0000000000000000
     0.0000000000000000    -0.0000000000000000        0.0026380165988617    -0.0000000003944044       -0.0000000000000000     0.0000000000000000
    -0.0000000000000000     0.0000000000000000       -0.0000000000000000     0.0000000000000000        0.0026380165988617    -0.0000000003944044
    2    2
     0.0132808307478100    -0.0000000000000000       -0.0000000000000000     0.0000000000000000        0.0000000000000000     0.0000000000000000
     0.0000000000000000    -0.0000000000000000        0.0100735263765590     0.0000000000000000        0.0000000000000000     0.0000000000000000
     0.0000000000000000    -0.0000000000000000        0.0000000000000000    -0.0000000000000000        0.0100735263765590    -0.0000000000000000

     Dynamical Matrix in cartesian axes

     q = (    0.000000000000   0.000000000000   1.000000000000 )

    1    1
     0.0317295690807890     0.0000000000000000        0.0000000000000000     0.0000000000000000        0.0000000000000000    -0.0000000000000000
     0.0000000000000000    -0.0000000000000000        0.0317295690807890     0.0000000000000000       -0.0000000000000000    -0.0000000000000000
     0.0000000000000000     0.0000000000000000       -0.0000000000000000     0.0000000000000000        0.0444130767960310    -0.0000000000000000
    1    2
     0.0026380165988617     0.0000000003944044        0.0000000000000000    -0.0000000000000000        0.0000000000000000     0.0000000000000000
     0.0000000000000000     0.0000000000000000        0.0026380165988617     0.0000000003944044        0.0000000000000000     0.0000000000000000
    -0.0000000000000000     0.0000000000000000        0.0000000000000000     0.0000000000000000        0.0054135453783838    -0.0000000001523151
    2    1
     0.0026380165988617    -0.0000000003944044        0.0000000000000000    -0.0000000000000000       -0.0000000000000000    -0.0000000000000000
    -0.0000000000000000     0.0000000000000000        0.0026380165988617    -0.0000000003944044       -0.0000000000000000    -0.0000000000000000
     0.0000000000000000    -0.0000000000000000        0.0000000000000000    -0.0000000000000000        0.0054135453783838     0.0000000001523151
    2    2
     0.0100735263765590    -0.0000000000000000       -0.0000000000000000    -0.0000000000000000        0.0000000000000000     0.0000000000000000
    -0.0000000000000000     0.0000000000000000        0.0100735263765590    -0.0000000000000000       -0.0000000000000000     0.0000000000000000
     0.0000000000000000    -0.0000000000000000       -0.0000000000000000    -0.0000000000000000        0.0132808307478100    -0.0000000000000000

     Diagonalizing the dynamical matrix

     q = (    0.000000000000   -1.000000000000   0.000000000000 )

***************************************************************************
   freq (    1) =     0.98737438 [THz] =    32.93525942 [cm-1]
(   0.038864 -0.000000   0.000000  0.000000   0.121571  0.000000 )
(  -0.302010  0.000000  -0.000000 -0.000000  -0.944722 -0.000000 )
   freq (    2) =     0.98737438 [THz] =    32.93525942 [cm-1]
(  -0.121571  0.000000   0.000000 -0.000000   0.038864 -0.000000 )
(   0.944722 -0.000000  -0.000000  0.000000  -0.302010  0.000000 )
   freq (    3) =     1.11102500 [THz] =    37.05979961 [cm-1]
(   0.000000  0.000000  -0.177330 -0.000000   0.000000 -0.000000 )
(   0.000000 -0.000000   0.984151  0.000000  -0.000000  0.000000 )
   freq (    4) =     1.72787521 [THz] =    57.63570473 [cm-1]
(   0.110671  0.000000  -0.000000 -0.000000  -0.985628 -0.000000 )
(   0.014242 -0.000000  -0.000000 -0.000000  -0.126835 -0.000000 )
   freq (    5) =     1.72787521 [THz] =    57.63570473 [cm-1]
(   0.985628 -0.000000   0.000000  0.000000   0.110671  0.000000 )
(   0.126835 -0.000000  -0.000000 -0.000000   0.014242 -0.000000 )
   freq (    6) =     2.05602982 [THz] =    68.58176276 [cm-1]
(  -0.000000  0.000000  -0.984151  0.000000   0.000000  0.000000 )
(  -0.000000  0.000000  -0.177330 -0.000000  -0.000000 -0.000000 )
***************************************************************************
