Dynamical matrix file
File generated with the CellConstructor by Lorenzo Monacelli
2 2 0    12.4000000000000004     0.0000000000000000     0.0000000000000000     0.0000000000000000     0.0000000000000000     0.0000000000000000
Basis vectors
   -0.5000000000000000     0.0000000000000000     0.5000000000000000
    0.0000000000000000     0.5000000000000000     0.5000000000000000
   -0.5000000000000000     0.5000000000000000     0.0000000000000000
	1  'Te '  116300.2852960780001013
	2  'Sn '  108197.5459835219953675
    1     1    -0.2500000000000000    -0.2500000000000000    -0.2500000000000000
    2     2     0.2500000000000000     0.2500000000000000     0.2500000000000000

     Dynamical Matrix in cartesian axes

     q = (    0.000000000000   0.000000000000   0.000000000000 )

    1    1
    -0.0010293847906307     0.0000000000000000       -0.0000000000000000     0.0000000000000000        0.0000000000000000     0.0000000000000000
     0.0000000000000000     0.0000000000000000       -0.0010293847906307     0.0000000000000000       -0.0000000000000000     0.0000000000000000
    -0.0000000000000000     0.0000000000000000       -0.0000000000000000     0.0000000000000000       -0.0010293847906307     0.0000000000000000
    1    2
     0.0010293847906307     0.0000000000000000        0.0000000000000000     0.0000000000000000       -0.0000000000000000     0.0000000000000000
     0.0000000000000000     0.0000000000000000        0.0010293847906307     0.0000000000000000        0.0000000000000000     0.0000000000000000
     0.0000000000000000     0.0000000000000000        0.0000000000000000     0.0000000000000000        0.0010293847906307     0.0000000000000000
    2    1
     0.0010293847906307     0.0000000000000000        0.0000000000000000     0.0000000000000000       -0.0000000000000000     0.0000000000000000
    -0.0000000000000000     0.0000000000000000        0.0010293847906307     0.0000000000000000        0.0000000000000000     0.0000000000000000
    -0.0000000000000000     0.0000000000000000        0.0000000000000000     0.0000000000000000        0.0010293847906307     0.0000000000000000
    2    2
    -0.0010293847906307     0.0000000000000000       -0.0000000000000000     0.0000000000000000        0.0000000000000000     0.0000000000000000
    -0.0000000000000000     0.0000000000000000       -0.0010293847906307     0.0000000000000000       -0.0000000000000000     0.0000000000000000
     0.0000000000000000     0.0000000000000000       -0.0000000000000000     0.0000000000000000       -0.0010293847906308     0.0000000000000000

     Diagonalizing the dynamical matrix

     q = (    0.000000000000   0.000000000000   0.000000000000 )

***************************************************************************
   freq (    1) =    -0.44583189 [THz] =   -14.87134889 [cm-1]
(   0.028879  0.000000  -0.066703  0.000000  -0.690413  0.000000 )
(  -0.029941  0.000000   0.069155  0.000000   0.715798  0.000000 )
   freq (    2) =    -0.44583189 [THz] =   -14.87134889 [cm-1]
(   0.689338  0.000000   0.079498  0.000000   0.021153  0.000000 )
(  -0.714683  0.000000  -0.082421  0.000000  -0.021931  0.000000 )
   freq (    3) =    -0.44583189 [THz] =   -14.87134889 [cm-1]
(  -0.077028  0.000000   0.686429  0.000000  -0.069540  0.000000 )
(   0.079861  0.000000  -0.711668  0.000000   0.072097  0.000000 )
   freq (    4) =    -0.00000002 [THz] =    -0.00000081 [cm-1]
(  -0.026145  0.000000   0.007309  0.000000  -0.719242  0.000000 )
(  -0.025217  0.000000   0.007050  0.000000  -0.693735  0.000000 )
   freq (    5) =     0.00000002 [THz] =     0.00000082 [cm-1]
(   0.716733  0.000000  -0.060242  0.000000  -0.026666  0.000000 )
(   0.691315  0.000000  -0.058105  0.000000  -0.025720  0.000000 )
   freq (    6) =     0.00000003 [THz] =     0.00000100 [cm-1]
(  -0.060470  0.000000  -0.717192  0.000000  -0.005090  0.000000 )
(  -0.058325  0.000000  -0.691757  0.000000  -0.004910  0.000000 )
***************************************************************************
