Dynamical matrix file
File generated with the CellConstructor by Lorenzo Monacelli
2 2 0    12.4000000000000004     0.0000000000000000     0.0000000000000000     0.0000000000000000     0.0000000000000000     0.0000000000000000
Basis vectors
   -0.5000000000000000     0.0000000000000000     0.5000000000000000
    0.0000000000000000     0.5000000000000000     0.5000000000000000
   -0.5000000000000000     0.5000000000000000     0.0000000000000000
	1  'Te '  116300.2852960780001013
	2  'Sn '  108197.5459835219953675
    1     1    -0.2500000000000000    -0.2500000000000000    -0.2500000000000000
    2     2     0.2500000000000000     0.2500000000000000     0.2500000000000000

     Dynamical Matrix in cartesian axes

     q = (    0.000000000000   0.000000000000   0.000000000000 )

    1    1
     0.0029438586958341     0.0000000000000000       -0.0000000000000000     0.0000000000000000       -0.0000000000000000     0.0000000000000000
    -0.0000000000000000     0.0000000000000000        0.0029438586958340     0.0000000000000000       -0.0000000000000000     0.0000000000000000
    -0.0000000000000000     0.0000000000000000       -0.0000000000000000     0.0000000000000000        0.0029438586958340     0.0000000000000000
    1    2
    -0.0029438586958340     0.0000000000000000       -0.0000000000000000     0.0000000000000000       -0.0000000000000000     0.0000000000000000
    -0.0000000000000000     0.0000000000000000       -0.0029438586958340     0.0000000000000000        0.0000000000000000     0.0000000000000000
     0.0000000000000000     0.0000000000000000        0.0000000000000000     0.0000000000000000       -0.0029438586958340     0.0000000000000000
    2    1
    -0.0029438586958340     0.0000000000000000       -0.0000000000000000     0.0000000000000000        0.0000000000000000     0.0000000000000000
    -0.0000000000000000     0.0000000000000000       -0.0029438586958340     0.0000000000000000        0.0000000000000000     0.0000000000000000
    -0.0000000000000000     0.0000000000000000        0.0000000000000000     0.0000000000000000       -0.0029438586958340     0.0000000000000000
    2    2
     0.0029438586958340     0.0000000000000000        0.0000000000000000     0.0000000000000000        0.0000000000000000     0.0000000000000000
     0.0000000000000000     0.0000000000000000        0.0029438586958340     0.0000000000000000       -0.0000000000000000     0.0000000000000000
     0.0000000000000000     0.0000000000000000       -0.0000000000000000     0.0000000000000000        0.0029438586958340     0.0000000000000000

     Diagonalizing the dynamical matrix

     q = (    0.000000000000   0.000000000000   0.000000000000 )

***************************************************************************
   freq (    1) =     0.00000002 [THz] =     0.00000073 [cm-1]
(   0.013815  0.000000   0.539830  0.000000   0.475856  0.000000 )
(   0.013325  0.000000   0.520685  0.000000   0.458980  0.000000 )
   freq (    2) =     0.00000003 [THz] =     0.00000085 [cm-1]
(  -0.024693  0.000000  -0.475308  0.000000   0.539925  0.000000 )
(  -0.023817  0.000000  -0.458452  0.000000   0.520777  0.000000 )
   freq (    3) =     0.00000004 [THz] =     0.00000141 [cm-1]
(   0.719198  0.000000  -0.026689  0.000000   0.009397  0.000000 )
(   0.693692  0.000000  -0.025742  0.000000   0.009064  0.000000 )
   freq (    4) =     0.75394686 [THz] =    25.14895646 [cm-1]
(   0.013380  0.000000  -0.237954  0.000000  -0.652037  0.000000 )
(  -0.013871  0.000000   0.246703  0.000000   0.676011  0.000000 )
   freq (    5) =     0.75394686 [THz] =    25.14895646 [cm-1]
(  -0.635682  0.000000   0.257674  0.000000  -0.107080  0.000000 )
(   0.659055  0.000000  -0.267149  0.000000   0.111017  0.000000 )
   freq (    6) =     0.75394686 [THz] =    25.14895646 [cm-1]
(   0.278717  0.000000   0.599112  0.000000  -0.212921  0.000000 )
(  -0.288965  0.000000  -0.621140  0.000000   0.220749  0.000000 )
***************************************************************************
