Dynamical matrix file
File generated with the CellConstructor by Lorenzo Monacelli
2 2 0    12.4000000000000004     0.0000000000000000     0.0000000000000000     0.0000000000000000     0.0000000000000000     0.0000000000000000
Basis vectors
   -0.5000000000000000     0.0000000000000000     0.5000000000000000
    0.0000000000000000     0.5000000000000000     0.5000000000000000
   -0.5000000000000000     0.5000000000000000     0.0000000000000000
	1  'Te '  116300.2852960780001013
	2  'Sn '  108197.5459835219953675
    1     1    -0.2500000000000000    -0.2500000000000000    -0.2500000000000000
    2     2     0.2500000000000000     0.2500000000000000     0.2500000000000000

     Dynamical Matrix in cartesian axes

     q = (    0.000000000000   0.000000000000   0.000000000000 )

    1    1
    -0.0004368609408620     0.0000000000000000       -0.0000000000000000     0.0000000000000000        0.0000000000000000     0.0000000000000000
    -0.0000000000000000     0.0000000000000000       -0.0004368609408620     0.0000000000000000       -0.0000000000000000     0.0000000000000000
     0.0000000000000000     0.0000000000000000       -0.0000000000000000     0.0000000000000000       -0.0004368609408620     0.0000000000000000
    1    2
     0.0004368609408620     0.0000000000000000       -0.0000000000000000     0.0000000000000000       -0.0000000000000000     0.0000000000000000
     0.0000000000000000     0.0000000000000000        0.0004368609408620     0.0000000000000000        0.0000000000000000     0.0000000000000000
    -0.0000000000000000     0.0000000000000000        0.0000000000000000     0.0000000000000000        0.0004368609408620     0.0000000000000000
    2    1
     0.0004368609408620     0.0000000000000000        0.0000000000000000     0.0000000000000000       -0.0000000000000000     0.0000000000000000
    -0.0000000000000000     0.0000000000000000        0.0004368609408620     0.0000000000000000        0.0000000000000000     0.0000000000000000
    -0.0000000000000000     0.0000000000000000       -0.0000000000000000     0.0000000000000000        0.0004368609408620     0.0000000000000000
    2    2
    -0.0004368609408620     0.0000000000000000        0.0000000000000000     0.0000000000000000        0.0000000000000000     0.0000000000000000
     0.0000000000000000     0.0000000000000000       -0.0004368609408620     0.0000000000000000       -0.0000000000000000     0.0000000000000000
     0.0000000000000000     0.0000000000000000       -0.0000000000000000     0.0000000000000000       -0.0004368609408620     0.0000000000000000

     Diagonalizing the dynamical matrix

     q = (    0.000000000000   0.000000000000   0.000000000000 )

***************************************************************************
   freq (    1) =    -0.29043828 [THz] =    -9.68797696 [cm-1]
(  -0.167105  0.000000   0.670943  0.000000   0.062167  0.000000 )
(   0.173249  0.000000  -0.695613  0.000000  -0.064453  0.000000 )
   freq (    2) =    -0.29043828 [THz] =    -9.68797696 [cm-1]
(   0.665862  0.000000   0.174241  0.000000  -0.090676  0.000000 )
(  -0.690344  0.000000  -0.180648  0.000000   0.094010  0.000000 )
   freq (    3) =    -0.29043828 [THz] =    -9.68797696 [cm-1]
(   0.103237  0.000000  -0.037801  0.000000   0.685468  0.000000 )
(  -0.107033  0.000000   0.039191  0.000000  -0.710672  0.000000 )
   freq (    4) =    -0.00000003 [THz] =    -0.00000113 [cm-1]
(   0.719568  0.000000   0.016349  0.000000   0.001231  0.000000 )
(   0.694049  0.000000   0.015770  0.000000   0.001187  0.000000 )
   freq (    5) =    -0.00000002 [THz] =    -0.00000064 [cm-1]
(   0.016101  0.000000  -0.714831  0.000000   0.082482  0.000000 )
(   0.015530  0.000000  -0.689480  0.000000   0.079556  0.000000 )
   freq (    6) =     0.00000001 [THz] =     0.00000036 [cm-1]
(  -0.003096  0.000000   0.082433  0.000000   0.715012  0.000000 )
(  -0.002986  0.000000   0.079509  0.000000   0.689654  0.000000 )
***************************************************************************
