Dynamical matrix file
File generated with the CellConstructor by Lorenzo Monacelli
2 2 0    12.4000000000000004     0.0000000000000000     0.0000000000000000     0.0000000000000000     0.0000000000000000     0.0000000000000000
Basis vectors
   -0.5000000000000000     0.0000000000000000     0.5000000000000000
    0.0000000000000000     0.5000000000000000     0.5000000000000000
   -0.5000000000000000     0.5000000000000000     0.0000000000000000
	1  'Te '  116300.2852960780001013
	2  'Sn '  108197.5459835219953675
    1     1    -0.2500000000000000    -0.2500000000000000    -0.2500000000000000
    2     2     0.2500000000000000     0.2500000000000000     0.2500000000000000

     Dynamical Matrix in cartesian axes

     q = (    0.500000000000   -0.500000000000   0.500000000000 )

    1    1
     0.0411466942427212     0.0000000000000000       -0.0059404766717367    -0.0000000000000000        0.0059404766717367    -0.0000000000000000
    -0.0059404766717367     0.0000000000000000        0.0411466942427211     0.0000000000000000       -0.0059404766717367    -0.0000000000000000
     0.0059404766717367     0.0000000000000000       -0.0059404766717367     0.0000000000000000        0.0411466942427211    -0.0000000000000000
    1    2
     0.0000000000000000    -0.0000000000000000       -0.0000000000000000    -0.0000000000000000        0.0000000000000000     0.0000000000000000
     0.0000000000000000     0.0000000000000000       -0.0000000000000000     0.0000000000000000       -0.0000000000000000     0.0000000000000000
    -0.0000000000000000    -0.0000000000000000       -0.0000000000000000     0.0000000000000000       -0.0000000000000000    -0.0000000000000000
    2    1
    -0.0000000000000000     0.0000000000000000        0.0000000000000000    -0.0000000000000000       -0.0000000000000000     0.0000000000000000
    -0.0000000000000000     0.0000000000000000       -0.0000000000000000    -0.0000000000000000       -0.0000000000000000    -0.0000000000000000
     0.0000000000000000    -0.0000000000000000       -0.0000000000000000    -0.0000000000000000       -0.0000000000000000     0.0000000000000000
    2    2
     0.0410139507351042     0.0000000000000000       -0.0243468888319629    -0.0000000000000000        0.0243468888319629     0.0000000000000000
    -0.0243468888319629     0.0000000000000000        0.0410139507351042    -0.0000000000000000       -0.0243468888319629    -0.0000000000000000
     0.0243468888319629    -0.0000000000000000       -0.0243468888319629     0.0000000000000000        0.0410139507351041     0.0000000000000000

     Dynamical Matrix in cartesian axes

     q = (    0.500000000000   0.500000000000   -0.500000000000 )

    1    1
     0.0411466942427212     0.0000000000000000        0.0059404766717367    -0.0000000000000000       -0.0059404766717367     0.0000000000000000
     0.0059404766717367     0.0000000000000000        0.0411466942427211    -0.0000000000000000       -0.0059404766717367    -0.0000000000000000
    -0.0059404766717367    -0.0000000000000000       -0.0059404766717367     0.0000000000000000        0.0411466942427211     0.0000000000000000
    1    2
     0.0000000000000000    -0.0000000000000000       -0.0000000000000000    -0.0000000000000000       -0.0000000000000000     0.0000000000000000
     0.0000000000000000     0.0000000000000000       -0.0000000000000000     0.0000000000000000       -0.0000000000000000     0.0000000000000000
    -0.0000000000000000    -0.0000000000000000        0.0000000000000000     0.0000000000000000        0.0000000000000000     0.0000000000000000
    2    1
    -0.0000000000000000     0.0000000000000000        0.0000000000000000    -0.0000000000000000       -0.0000000000000000     0.0000000000000000
    -0.0000000000000000     0.0000000000000000       -0.0000000000000000    -0.0000000000000000        0.0000000000000000    -0.0000000000000000
    -0.0000000000000000    -0.0000000000000000        0.0000000000000000    -0.0000000000000000        0.0000000000000000    -0.0000000000000000
    2    2
     0.0410139507351042    -0.0000000000000000        0.0243468888319629     0.0000000000000000       -0.0243468888319629    -0.0000000000000000
     0.0243468888319629    -0.0000000000000000        0.0410139507351041    -0.0000000000000000       -0.0243468888319629     0.0000000000000000
    -0.0243468888319629     0.0000000000000000       -0.0243468888319629    -0.0000000000000000        0.0410139507351041    -0.0000000000000000

     Dynamical Matrix in cartesian axes

     q = (    -0.500000000000   -0.500000000000   -0.500000000000 )

    1    1
     0.0411466942427212    -0.0000000000000000        0.0059404766717367     0.0000000000000000        0.0059404766717367     0.0000000000000000
     0.0059404766717367    -0.0000000000000000        0.0411466942427211    -0.0000000000000000        0.0059404766717367     0.0000000000000000
     0.0059404766717367    -0.0000000000000000        0.0059404766717367    -0.0000000000000000        0.0411466942427211    -0.0000000000000000
    1    2
    -0.0000000000000000     0.0000000000000000        0.0000000000000000    -0.0000000000000000        0.0000000000000000     0.0000000000000000
    -0.0000000000000000     0.0000000000000000        0.0000000000000000    -0.0000000000000000        0.0000000000000000    -0.0000000000000000
     0.0000000000000000    -0.0000000000000000       -0.0000000000000000     0.0000000000000000        0.0000000000000000    -0.0000000000000000
    2    1
    -0.0000000000000000    -0.0000000000000000       -0.0000000000000000    -0.0000000000000000        0.0000000000000000     0.0000000000000000
     0.0000000000000000     0.0000000000000000        0.0000000000000000     0.0000000000000000       -0.0000000000000000    -0.0000000000000000
     0.0000000000000000    -0.0000000000000000        0.0000000000000000     0.0000000000000000        0.0000000000000000     0.0000000000000000
    2    2
     0.0410139507351042    -0.0000000000000000        0.0243468888319629    -0.0000000000000000        0.0243468888319629    -0.0000000000000000
     0.0243468888319629     0.0000000000000000        0.0410139507351041     0.0000000000000000        0.0243468888319629     0.0000000000000000
     0.0243468888319629     0.0000000000000000        0.0243468888319629     0.0000000000000000        0.0410139507351042     0.0000000000000000

     Dynamical Matrix in cartesian axes

     q = (    0.500000000000   -0.500000000000   -0.500000000000 )

    1    1
     0.0411466942427212    -0.0000000000000000       -0.0059404766717367     0.0000000000000000       -0.0059404766717367     0.0000000000000000
    -0.0059404766717367    -0.0000000000000000        0.0411466942427211     0.0000000000000000        0.0059404766717367     0.0000000000000000
    -0.0059404766717367    -0.0000000000000000        0.0059404766717367    -0.0000000000000000        0.0411466942427211     0.0000000000000000
    1    2
     0.0000000000000000     0.0000000000000000        0.0000000000000000    -0.0000000000000000       -0.0000000000000000    -0.0000000000000000
    -0.0000000000000000     0.0000000000000000       -0.0000000000000000    -0.0000000000000000       -0.0000000000000000    -0.0000000000000000
     0.0000000000000000    -0.0000000000000000        0.0000000000000000    -0.0000000000000000       -0.0000000000000000    -0.0000000000000000
    2    1
     0.0000000000000000    -0.0000000000000000       -0.0000000000000000    -0.0000000000000000        0.0000000000000000     0.0000000000000000
     0.0000000000000000     0.0000000000000000       -0.0000000000000000     0.0000000000000000        0.0000000000000000     0.0000000000000000
    -0.0000000000000000     0.0000000000000000       -0.0000000000000000     0.0000000000000000       -0.0000000000000000     0.0000000000000000
    2    2
     0.0410139507351042     0.0000000000000000       -0.0243468888319629    -0.0000000000000000       -0.0243468888319629     0.0000000000000000
    -0.0243468888319629     0.0000000000000000        0.0410139507351041    -0.0000000000000000        0.0243468888319629     0.0000000000000000
    -0.0243468888319629    -0.0000000000000000        0.0243468888319629    -0.0000000000000000        0.0410139507351041    -0.0000000000000000

     Diagonalizing the dynamical matrix

     q = (    0.500000000000   -0.500000000000   0.500000000000 )

***************************************************************************
   freq (    1) =     1.29120766 [THz] =    43.07004527 [cm-1]
(   0.000000 -0.000000   0.000000 -0.000000   0.000000 -0.000000 )
(  -0.230737 -0.046911   0.558953  0.037453   0.789690  0.037453 )
   freq (    2) =     1.29120766 [THz] =    43.07004527 [cm-1]
(   0.000000  0.000000  -0.000000  0.000000  -0.000000  0.000000 )
(   0.777089 -0.085789   0.587522 -0.087483  -0.189567 -0.087483 )
   freq (    3) =     1.81006666 [THz] =    60.37731607 [cm-1]
(   0.160179  0.000000  -0.613277 -0.000000  -0.773456 -0.000000 )
(  -0.000000 -0.000000  -0.000000  0.000000   0.000000  0.000000 )
   freq (    4) =     1.81006666 [THz] =    60.37731607 [cm-1]
(   0.800631  0.000000   0.539034  0.000000  -0.261596  0.000000 )
(   0.000000  0.000000   0.000000  0.000000  -0.000000  0.000000 )
   freq (    5) =     2.22144756 [THz] =    74.09950383 [cm-1]
(  -0.577350  0.000000   0.577350  0.000000  -0.577350  0.000000 )
(   0.000000 -0.000000   0.000000 -0.000000  -0.000000 -0.000000 )
   freq (    6) =     2.99558398 [THz] =    99.92191156 [cm-1]
(   0.000000  0.000000   0.000000 -0.000000   0.000000 -0.000000 )
(   0.574206  0.060175  -0.574206 -0.060175   0.574206 -0.060175 )
***************************************************************************
