Dynamical matrix file
File generated with the CellConstructor by Lorenzo Monacelli
2 2 0     8.4717500000000054     0.0000000000000000     0.0000000000000000     0.0000000000000000     0.0000000000000000     0.0000000000000000
Basis vectors
    0.7223010850000000     0.7223010850000000    -0.0000000000000000
    0.7223010850000000    -0.7223010850000000    -0.0000000000000000
    0.7223010850000000     0.0000000000000000     0.7223010850000000
	1  'Pb '  188851.2469698068452999
	2  'Te '  116300.2852960779709974
    1     1    -0.0000000000000000    -0.0000000000000000    -0.0000000000000000
    2     2     0.7223010847000000     0.0000000000000000    -0.0000000000000000

     Dynamical Matrix in cartesian axes

     q = (    -0.000000000000   -0.000000000000   -0.692232105000 )

    1    1
     0.0655012767083434     0.0000000000000000        0.0000000000000000     0.0000000000000000        0.0000000000000000     0.0000000000000000
     0.0000000000000000     0.0000000000000000        0.0655012767083434     0.0000000000000000        0.0000000000000000     0.0000000000000000
     0.0000000000000000     0.0000000000000000        0.0000000000000000     0.0000000000000000        0.0851026764630314     0.0000000000000000
    1    2
    -0.0623206432180422     0.0000000000000000        0.0000000000000000     0.0000000000000000        0.0000000000000000     0.0000000000000000
     0.0000000000000000     0.0000000000000000       -0.0623206432180422     0.0000000000000000        0.0000000000000000     0.0000000000000000
    -0.0000000000000000     0.0000000000000000        0.0000000000000000     0.0000000000000000        0.0339989354583960     0.0000000000000000
    2    1
    -0.0623206432180422     0.0000000000000000        0.0000000000000000     0.0000000000000000        0.0000000000000000     0.0000000000000000
     0.0000000000000000     0.0000000000000000       -0.0623206432180422     0.0000000000000000        0.0000000000000000     0.0000000000000000
     0.0000000000000000     0.0000000000000000        0.0000000000000000     0.0000000000000000        0.0339989354583960     0.0000000000000000
    2    2
     0.0904970483278101     0.0000000000000000        0.0000000000000000     0.0000000000000000        0.0000000000000000     0.0000000000000000
     0.0000000000000000     0.0000000000000000        0.0904970483278101     0.0000000000000000        0.0000000000000000     0.0000000000000000
     0.0000000000000000     0.0000000000000000        0.0000000000000000     0.0000000000000000        0.0867754332808610     0.0000000000000000

     Dynamical Matrix in cartesian axes

     q = (    -0.000000000000   -0.692232105000   -0.000000000000 )

    1    1
     0.0655012767083434     0.0000000000000000        0.0000000000000000     0.0000000000000000        0.0000000000000000     0.0000000000000000
     0.0000000000000000     0.0000000000000000        0.0851026764630314     0.0000000000000000        0.0000000000000000     0.0000000000000000
     0.0000000000000000     0.0000000000000000        0.0000000000000000     0.0000000000000000        0.0655012767083434     0.0000000000000000
    1    2
    -0.0623206432180422     0.0000000000000000       -0.0000000000000000     0.0000000000000000        0.0000000000000000     0.0000000000000000
    -0.0000000000000000     0.0000000000000000        0.0339989354583960     0.0000000000000000        0.0000000000000000     0.0000000000000000
     0.0000000000000000     0.0000000000000000        0.0000000000000000     0.0000000000000000       -0.0623206432180422     0.0000000000000000
    2    1
    -0.0623206432180422     0.0000000000000000        0.0000000000000000     0.0000000000000000        0.0000000000000000     0.0000000000000000
     0.0000000000000000     0.0000000000000000        0.0339989354583960     0.0000000000000000        0.0000000000000000     0.0000000000000000
     0.0000000000000000     0.0000000000000000        0.0000000000000000     0.0000000000000000       -0.0623206432180422     0.0000000000000000
    2    2
     0.0904970483278101     0.0000000000000000        0.0000000000000000     0.0000000000000000        0.0000000000000000     0.0000000000000000
     0.0000000000000000     0.0000000000000000        0.0867754332808610     0.0000000000000000        0.0000000000000000     0.0000000000000000
     0.0000000000000000     0.0000000000000000        0.0000000000000000     0.0000000000000000        0.0904970483278101     0.0000000000000000

     Dynamical Matrix in cartesian axes

     q = (    0.692232105000   0.000000000000   0.000000000000 )

    1    1
     0.0851026764630314     0.0000000000000000        0.0000000000000000     0.0000000000000000        0.0000000000000000     0.0000000000000000
     0.0000000000000000     0.0000000000000000        0.0655012767083434     0.0000000000000000        0.0000000000000000     0.0000000000000000
     0.0000000000000000     0.0000000000000000        0.0000000000000000     0.0000000000000000        0.0655012767083434     0.0000000000000000
    1    2
    -0.0339989354583958    -0.0000000010125260        0.0000000000000000     0.0000000000000000        0.0000000000000000     0.0000000000000000
     0.0000000000000000     0.0000000000000000        0.0623206432180419     0.0000000018559778       -0.0000000000000000     0.0000000000000000
     0.0000000000000000     0.0000000000000000        0.0000000000000000     0.0000000000000000        0.0623206432180419     0.0000000018559778
    2    1
    -0.0339989354583958     0.0000000010125260        0.0000000000000000     0.0000000000000000        0.0000000000000000     0.0000000000000000
     0.0000000000000000     0.0000000000000000        0.0623206432180420    -0.0000000018559778        0.0000000000000000     0.0000000000000000
     0.0000000000000000     0.0000000000000000        0.0000000000000000     0.0000000000000000        0.0623206432180419    -0.0000000018559778
    2    2
     0.0867754332808610     0.0000000000000000        0.0000000000000000     0.0000000000000000        0.0000000000000000     0.0000000000000000
     0.0000000000000000     0.0000000000000000        0.0904970483278101     0.0000000000000000        0.0000000000000000     0.0000000000000000
     0.0000000000000000     0.0000000000000000        0.0000000000000000     0.0000000000000000        0.0904970483278101     0.0000000000000000

    Dielectric Tensor:

        394.615289529919          -0.000000000000           0.000000000000
         -0.000000000000         394.615289529919           0.000000000000
          0.000000000000           0.000000000000         394.615289529919

     Effective Charges E-U: Z_{alpha}{s,beta}

    atom #     1
      1.394433533860e+01       9.369621648200e-20      -1.055520619680e-15
     -6.944318421700e-17       1.394433533860e+01       1.345928436650e-15
     -2.050847521750e-15      -8.501229935850e-16       1.394433533860e+01
    atom #     2
     -3.228392102330e+01       8.127276089680e-17       6.403915105650e-15
     -4.705265104550e-17      -3.228392102330e+01      -1.882106041820e-16
      3.201957552820e-15      -3.646818980890e-15      -3.228392102330e+01

     Diagonalizing the dynamical matrix

     q = (    -0.000000000000   -0.000000000000   -0.692232105000 )

***************************************************************************
   freq (    1) =     0.98641591 [THz] =    32.90328840 [cm-1]
(   0.000000  0.000000   0.853321  0.000000  -0.000000  0.000000 )
(   0.000000  0.000000   0.521387  0.000000   0.000000  0.000000 )
   freq (    2) =     0.98641591 [THz] =    32.90328840 [cm-1]
(  -0.853321  0.000000   0.000000  0.000000   0.000000  0.000000 )
(  -0.521387  0.000000   0.000000  0.000000   0.000000  0.000000 )
   freq (    3) =     1.87697117 [THz] =    62.60900993 [cm-1]
(   0.000000  0.000000   0.000000  0.000000   0.877912  0.000000 )
(   0.000000  0.000000   0.000000  0.000000  -0.478822  0.000000 )
   freq (    4) =     3.07077573 [THz] =   102.43003821 [cm-1]
(   0.000000  0.000000  -0.000000  0.000000  -0.478822  0.000000 )
(   0.000000  0.000000   0.000000  0.000000  -0.877912  0.000000 )
   freq (    5) =     3.34703599 [THz] =   111.64508714 [cm-1]
(   0.000000  0.000000  -0.521387  0.000000   0.000000  0.000000 )
(   0.000000  0.000000   0.853321  0.000000   0.000000  0.000000 )
   freq (    6) =     3.34703599 [THz] =   111.64508714 [cm-1]
(  -0.521387  0.000000   0.000000  0.000000   0.000000  0.000000 )
(   0.853321  0.000000   0.000000  0.000000   0.000000  0.000000 )
***************************************************************************
