Dynamical matrix file
File generated with the CellConstructor by Lorenzo Monacelli
2 2 0     8.4717500000000054     0.0000000000000000     0.0000000000000000     0.0000000000000000     0.0000000000000000     0.0000000000000000
Basis vectors
    0.7223010850000000     0.7223010850000000    -0.0000000000000000
    0.7223010850000000    -0.7223010850000000    -0.0000000000000000
    0.7223010850000000     0.0000000000000000     0.7223010850000000
	1  'Pb '  188851.2469698068452999
	2  'Te '  116300.2852960779709974
    1     1    -0.0000000000000000    -0.0000000000000000    -0.0000000000000000
    2     2     0.7223010847000000     0.0000000000000000    -0.0000000000000000

     Dynamical Matrix in cartesian axes

     q = (    0.000000000000   0.000000000000   0.000000000000 )

    1    1
     0.0634137433361194     0.0000000000000000        0.0000000000000000     0.0000000000000000        0.0000000000000000     0.0000000000000000
     0.0000000000000000     0.0000000000000000        0.0634137433361194     0.0000000000000000        0.0000000000000000     0.0000000000000000
     0.0000000000000000     0.0000000000000000        0.0000000000000000     0.0000000000000000        0.0634137433361194     0.0000000000000000
    1    2
    -0.0634137433361194     0.0000000000000000        0.0000000000000000     0.0000000000000000        0.0000000000000000     0.0000000000000000
     0.0000000000000000     0.0000000000000000       -0.0634137433361194     0.0000000000000000        0.0000000000000000     0.0000000000000000
     0.0000000000000000     0.0000000000000000        0.0000000000000000     0.0000000000000000       -0.0634137433361194     0.0000000000000000
    2    1
    -0.0634137433361194     0.0000000000000000        0.0000000000000000     0.0000000000000000        0.0000000000000000     0.0000000000000000
     0.0000000000000000     0.0000000000000000       -0.0634137433361194     0.0000000000000000        0.0000000000000000     0.0000000000000000
     0.0000000000000000     0.0000000000000000        0.0000000000000000     0.0000000000000000       -0.0634137433361194     0.0000000000000000
    2    2
     0.0634137433361194     0.0000000000000000        0.0000000000000000     0.0000000000000000        0.0000000000000000     0.0000000000000000
     0.0000000000000000     0.0000000000000000        0.0634137433361194     0.0000000000000000        0.0000000000000000     0.0000000000000000
     0.0000000000000000     0.0000000000000000        0.0000000000000000     0.0000000000000000        0.0634137433361194     0.0000000000000000

    Dielectric Tensor:

        394.615289529919          -0.000000000000           0.000000000000
         -0.000000000000         394.615289529919           0.000000000000
          0.000000000000           0.000000000000         394.615289529919

     Effective Charges E-U: Z_{alpha}{s,beta}

    atom #     1
      1.394433533860e+01       9.369621648200e-20      -1.055520619680e-15
     -6.944318421700e-17       1.394433533860e+01       1.345928436650e-15
     -2.050847521750e-15      -8.501229935850e-16       1.394433533860e+01
    atom #     2
     -3.228392102330e+01       8.127276089680e-17       6.403915105650e-15
     -4.705265104550e-17      -3.228392102330e+01      -1.882106041820e-16
      3.201957552820e-15      -3.646818980890e-15      -3.228392102330e+01

     Diagonalizing the dynamical matrix

     q = (    0.000000000000   0.000000000000   0.000000000000 )

***************************************************************************
   freq (    1) =    -0.00000004 [THz] =    -0.00000144 [cm-1]
(   0.697698  0.000000  -0.332138  0.000000   0.147577  0.000000 )
(   0.547517  0.000000  -0.260645  0.000000   0.115811  0.000000 )
   freq (    2) =     0.00000002 [THz] =     0.00000077 [cm-1]
(  -0.223863  0.000000  -0.141074  0.000000   0.740851  0.000000 )
(  -0.175676  0.000000  -0.110707  0.000000   0.581382  0.000000 )
   freq (    3) =     0.00000006 [THz] =     0.00000185 [cm-1]
(   0.286321  0.000000   0.699042  0.000000   0.219630  0.000000 )
(   0.224690  0.000000   0.548572  0.000000   0.172354  0.000000 )
   freq (    4) =     3.08797964 [THz] =   103.00389884 [cm-1]
(  -0.523113  0.000000  -0.327835  0.000000  -0.000000  0.000000 )
(   0.666600  0.000000   0.417758  0.000000   0.000000  0.000000 )
   freq (    5) =     3.08797964 [THz] =   103.00389884 [cm-1]
(   0.327835  0.000000  -0.523113  0.000000   0.000000  0.000000 )
(  -0.417758  0.000000   0.666600  0.000000   0.000000  0.000000 )
   freq (    6) =     3.08797964 [THz] =   103.00389884 [cm-1]
(   0.000000  0.000000   0.000000  0.000000  -0.617352  0.000000 )
(   0.000000  0.000000  -0.000000  0.000000   0.786687  0.000000 )
***************************************************************************
