Dynamical matrix file
                                                                           
  2    2  0 12.4000000  0.0000000  0.0000000  0.0000000  0.0000000  0.0000000
Basis vectors
     -0.500000000    0.000000000    0.500000000
      0.000000000    0.500000000    0.500000000
     -0.500000000    0.500000000    0.000000000
           1  'Sn  '    108197.545983522     
           2  'Te  '    116300.285296078     
    1    2     -0.2500000000     -0.2500000000     -0.2500000000
    2    1      0.2500000000      0.2500000000      0.2500000000

     Dynamical  Matrix in cartesian axes

     q = (    0.500000000  -0.500000000   0.500000000 ) 

    1    1
  0.07290665  0.00000000   -0.00592402  0.00000000    0.00592402  0.00000000
 -0.00592402  0.00000000    0.07290665  0.00000000   -0.00592402  0.00000000
  0.00592402  0.00000000   -0.00592402  0.00000000    0.07290665  0.00000000
    1    2
  0.00000000  0.00000000    0.00000000 -0.00000000    0.00000000  0.00000000
  0.00000000 -0.00000000    0.00000000  0.00000000    0.00000000 -0.00000000
  0.00000000  0.00000000    0.00000000 -0.00000000    0.00000000  0.00000000
    2    1
  0.00000000 -0.00000000   -0.00000000  0.00000000    0.00000000 -0.00000000
  0.00000000  0.00000000   -0.00000000 -0.00000000    0.00000000  0.00000000
  0.00000000 -0.00000000    0.00000000  0.00000000    0.00000000 -0.00000000
    2    2
  0.05733547  0.00000000   -0.02415651  0.00000000    0.02415651  0.00000000
 -0.02415651  0.00000000    0.05733547  0.00000000   -0.02415651  0.00000000
  0.02415651  0.00000000   -0.02415651  0.00000000    0.05733547  0.00000000

     Dynamical  Matrix in cartesian axes

     q = (    0.500000000   0.500000000  -0.500000000 ) 

    1    1
  0.07290665  0.00000000    0.00592402  0.00000000   -0.00592402  0.00000000
  0.00592402  0.00000000    0.07290665  0.00000000   -0.00592402  0.00000000
 -0.00592402  0.00000000   -0.00592402  0.00000000    0.07290665  0.00000000
    1    2
  0.00000000  0.00000000    0.00000000  0.00000000    0.00000000 -0.00000000
  0.00000000  0.00000000    0.00000000  0.00000000    0.00000000 -0.00000000
  0.00000000 -0.00000000    0.00000000 -0.00000000    0.00000000  0.00000000
    2    1
  0.00000000 -0.00000000    0.00000000 -0.00000000    0.00000000  0.00000000
  0.00000000 -0.00000000    0.00000000 -0.00000000    0.00000000  0.00000000
  0.00000000  0.00000000    0.00000000  0.00000000    0.00000000 -0.00000000
    2    2
  0.05733547  0.00000000    0.02415651  0.00000000   -0.02415651  0.00000000
  0.02415651  0.00000000    0.05733547  0.00000000   -0.02415651  0.00000000
 -0.02415651  0.00000000   -0.02415651  0.00000000    0.05733547  0.00000000

     Dynamical  Matrix in cartesian axes

     q = (   -0.500000000  -0.500000000  -0.500000000 ) 

    1    1
  0.07290665  0.00000000    0.00592402  0.00000000    0.00592402  0.00000000
  0.00592402  0.00000000    0.07290665  0.00000000    0.00592402  0.00000000
  0.00592402  0.00000000    0.00592402  0.00000000    0.07290665  0.00000000
    1    2
 -0.00000000  0.00000000   -0.00000000  0.00000000   -0.00000000  0.00000000
 -0.00000000  0.00000000   -0.00000000  0.00000000   -0.00000000  0.00000000
 -0.00000000  0.00000000   -0.00000000  0.00000000   -0.00000000  0.00000000
    2    1
  0.00000000 -0.00000000    0.00000000 -0.00000000    0.00000000 -0.00000000
  0.00000000 -0.00000000    0.00000000 -0.00000000    0.00000000 -0.00000000
 -0.00000000 -0.00000000   -0.00000000 -0.00000000   -0.00000000 -0.00000000
    2    2
  0.05733547  0.00000000    0.02415651  0.00000000    0.02415651  0.00000000
  0.02415651  0.00000000    0.05733547  0.00000000    0.02415651  0.00000000
  0.02415651  0.00000000    0.02415651  0.00000000    0.05733547  0.00000000

     Dynamical  Matrix in cartesian axes

     q = (    0.500000000  -0.500000000  -0.500000000 ) 

    1    1
  0.07290665  0.00000000   -0.00592402  0.00000000   -0.00592402  0.00000000
 -0.00592402  0.00000000    0.07290665  0.00000000    0.00592402  0.00000000
 -0.00592402  0.00000000    0.00592402  0.00000000    0.07290665  0.00000000
    1    2
  0.00000000 -0.00000000    0.00000000  0.00000000    0.00000000  0.00000000
 -0.00000000  0.00000000   -0.00000000 -0.00000000   -0.00000000 -0.00000000
 -0.00000000  0.00000000   -0.00000000 -0.00000000   -0.00000000 -0.00000000
    2    1
  0.00000000  0.00000000    0.00000000 -0.00000000    0.00000000 -0.00000000
  0.00000000 -0.00000000    0.00000000  0.00000000    0.00000000  0.00000000
  0.00000000 -0.00000000    0.00000000  0.00000000    0.00000000  0.00000000
    2    2
  0.05733547  0.00000000   -0.02415651  0.00000000   -0.02415651  0.00000000
 -0.02415651  0.00000000    0.05733547  0.00000000    0.02415651  0.00000000
 -0.02415651  0.00000000    0.02415651  0.00000000    0.05733547  0.00000000

     Diagonalizing the dynamical matrix

     q = (    0.500000000  -0.500000000   0.500000000 ) 

 **************************************************************************
     freq (    1) =       1.821788 [THz] =      60.768295 [cm-1]
 (  0.000000  0.000000 -0.000000  0.000000  0.000000  0.000000 ) 
 ( -0.669340  0.000000  0.070285  0.000000  0.739624  0.000000 ) 
     freq (    2) =       1.821788 [THz] =      60.768295 [cm-1]
 ( -0.000000  0.000000 -0.000000  0.000000  0.000000  0.000000 ) 
 (  0.467601  0.000000  0.813466  0.000000  0.345865  0.000000 ) 
     freq (    3) =       2.496696 [THz] =      83.280831 [cm-1]
 ( -0.811256  0.000000 -0.485614  0.000000  0.325642  0.000000 ) 
 ( -0.000000  0.000000 -0.000000  0.000000  0.000000  0.000000 ) 
     freq (    4) =       2.496696 [THz] =      83.280831 [cm-1]
 (  0.092359  0.000000 -0.656389  0.000000 -0.748748  0.000000 ) 
 ( -0.000000  0.000000 -0.000000  0.000000  0.000000  0.000000 ) 
     freq (    5) =       2.808449 [THz] =      93.679768 [cm-1]
 ( -0.577350  0.000000  0.577350  0.000000 -0.577350  0.000000 ) 
 ( -0.000000  0.000000  0.000000  0.000000  0.000000  0.000000 ) 
     freq (    6) =       3.250858 [THz] =     108.436946 [cm-1]
 ( -0.000000  0.000000  0.000000  0.000000 -0.000000  0.000000 ) 
 (  0.577350  0.000000 -0.577350  0.000000  0.577350  0.000000 ) 
 **************************************************************************
