Dynamical matrix file
                                                                           
  2    2  0 12.4000000  0.0000000  0.0000000  0.0000000  0.0000000  0.0000000
Basis vectors
     -0.500000000    0.000000000    0.500000000
      0.000000000    0.500000000    0.500000000
     -0.500000000    0.500000000    0.000000000
           1  'Sn  '    108197.545983522     
           2  'Te  '    116300.285296078     
    1    2     -0.2500000000     -0.2500000000     -0.2500000000
    2    1      0.2500000000      0.2500000000      0.2500000000

     Dynamical  Matrix in cartesian axes

     q = (    0.000000000  -1.000000000   0.000000000 ) 

    1    1
  0.01675451  0.00000000    0.00000000  0.00000000    0.00000000  0.00000000
  0.00000000  0.00000000    0.02864983  0.00000000    0.00000000  0.00000000
  0.00000000  0.00000000    0.00000000  0.00000000    0.01675451  0.00000000
    1    2
 -0.00855040  0.00000000   -0.00000000 -0.00000000   -0.00000000  0.00000000
  0.00000000 -0.00000000    0.01335965 -0.00000000    0.00000000  0.00000000
 -0.00000000  0.00000000   -0.00000000  0.00000000   -0.00855040  0.00000000
    2    1
 -0.00855040 -0.00000000    0.00000000  0.00000000    0.00000000  0.00000000
 -0.00000000 -0.00000000    0.01335965  0.00000000   -0.00000000  0.00000000
  0.00000000  0.00000000    0.00000000  0.00000000   -0.00855040 -0.00000000
    2    2
 -0.00488336  0.00000000   -0.00000000  0.00000000   -0.00000000  0.00000000
 -0.00000000  0.00000000   -0.00193680  0.00000000   -0.00000000  0.00000000
  0.00000000  0.00000000    0.00000000  0.00000000   -0.00488336  0.00000000

     Dynamical  Matrix in cartesian axes

     q = (   -1.000000000   0.000000000   0.000000000 ) 

    1    1
  0.02864983  0.00000000    0.00000000  0.00000000    0.00000000  0.00000000
  0.00000000  0.00000000    0.01675451  0.00000000   -0.00000000  0.00000000
  0.00000000  0.00000000   -0.00000000  0.00000000    0.01675451  0.00000000
    1    2
  0.01335965 -0.00000000    0.00000000 -0.00000000    0.00000000  0.00000000
  0.00000000 -0.00000000   -0.00855040  0.00000000    0.00000000 -0.00000000
  0.00000000 -0.00000000    0.00000000 -0.00000000   -0.00855040  0.00000000
    2    1
  0.01335965  0.00000000    0.00000000 -0.00000000   -0.00000000 -0.00000000
 -0.00000000 -0.00000000   -0.00855040 -0.00000000   -0.00000000 -0.00000000
  0.00000000  0.00000000   -0.00000000 -0.00000000   -0.00855040 -0.00000000
    2    2
 -0.00193680  0.00000000    0.00000000  0.00000000   -0.00000000  0.00000000
  0.00000000  0.00000000   -0.00488336  0.00000000   -0.00000000  0.00000000
 -0.00000000  0.00000000   -0.00000000  0.00000000   -0.00488336  0.00000000

     Dynamical  Matrix in cartesian axes

     q = (    0.000000000   0.000000000   1.000000000 ) 

    1    1
  0.01675451  0.00000000    0.00000000  0.00000000    0.00000000  0.00000000
  0.00000000  0.00000000    0.01675451  0.00000000    0.00000000  0.00000000
  0.00000000  0.00000000   -0.00000000  0.00000000    0.02864983  0.00000000
    1    2
 -0.00855040 -0.00000000    0.00000000 -0.00000000    0.00000000  0.00000000
  0.00000000 -0.00000000   -0.00855040 -0.00000000   -0.00000000 -0.00000000
  0.00000000  0.00000000   -0.00000000 -0.00000000    0.01335965  0.00000000
    2    1
 -0.00855040  0.00000000    0.00000000 -0.00000000    0.00000000  0.00000000
  0.00000000  0.00000000   -0.00855040  0.00000000    0.00000000 -0.00000000
  0.00000000  0.00000000    0.00000000 -0.00000000    0.01335965 -0.00000000
    2    2
 -0.00488336  0.00000000    0.00000000  0.00000000   -0.00000000  0.00000000
 -0.00000000  0.00000000   -0.00488336  0.00000000    0.00000000  0.00000000
 -0.00000000  0.00000000    0.00000000  0.00000000   -0.00193680  0.00000000

     Diagonalizing the dynamical matrix

     q = (    0.000000000  -1.000000000   0.000000000 ) 

 **************************************************************************
     freq (    1) =      -0.882888 [THz] =     -29.449985 [cm-1]
 ( -0.311224  0.000000 -0.000000  0.000000 -0.083015  0.000000 ) 
 ( -0.914722  0.000000  0.000000  0.000000 -0.243990  0.000000 ) 
     freq (    2) =      -0.882888 [THz] =     -29.449985 [cm-1]
 ( -0.083015  0.000000  0.000000  0.000000  0.311224  0.000000 ) 
 ( -0.243990  0.000000 -0.000000  0.000000  0.914722  0.000000 ) 
     freq (    3) =      -0.830025 [THz] =     -27.686649 [cm-1]
 ( -0.000000  0.000000  0.347468  0.000000 -0.000000  0.000000 ) 
 ( -0.000000  0.000000 -0.937692  0.000000 -0.000000  0.000000 ) 
     freq (    4) =       1.360222 [THz] =      45.372124 [cm-1]
 (  0.396490  0.000000 -0.000000  0.000000  0.851366  0.000000 ) 
 ( -0.145004  0.000000 -0.000000  0.000000 -0.311360  0.000000 ) 
     freq (    5) =       1.360222 [THz] =      45.372124 [cm-1]
 ( -0.851366  0.000000  0.000000  0.000000  0.396490  0.000000 ) 
 (  0.311360  0.000000 -0.000000  0.000000 -0.145004  0.000000 ) 
     freq (    6) =       1.778031 [THz] =      59.308718 [cm-1]
 ( -0.000000  0.000000 -0.929018  0.000000 -0.000000  0.000000 ) 
 (  0.000000  0.000000 -0.370034  0.000000  0.000000  0.000000 ) 
 **************************************************************************
