Dynamical matrix file
File generated with the CellConstructor by Lorenzo Monacelli
2 2 0    12.4000000000000004     0.0000000000000000     0.0000000000000000     0.0000000000000000     0.0000000000000000     0.0000000000000000
Basis vectors
   -0.5000000000000000     0.0000000000000000     0.5000000000000000
    0.0000000000000000     0.5000000000000000     0.5000000000000000
   -0.5000000000000000     0.5000000000000000     0.0000000000000000
	1  'Te '  116300.2852960780001013
	2  'Sn '  108197.5459835219953675
    1     1    -0.2500000000000000    -0.2500000000000000    -0.2500000000000000
    2     2     0.2500000000000000     0.2500000000000000     0.2500000000000000

     Dynamical Matrix in cartesian axes

     q = (    0.500000000000   -0.500000000000   0.500000000000 )

    1    1
     0.1014828216688780     0.0000000000000000       -0.0059857375862685     0.0000000000000000        0.0059857375862685     0.0000000000000000
    -0.0059857375862685     0.0000000000000000        0.1014828216688780     0.0000000000000000       -0.0059857375862686     0.0000000000000000
     0.0059857375862685     0.0000000000000000       -0.0059857375862686     0.0000000000000000        0.1014828216688780     0.0000000000000000
    1    2
    -0.0000000000000000    -0.0000000000000000       -0.0000000000000000    -0.0000000000000000        0.0000000000000000     0.0000000000000000
    -0.0000000000000000    -0.0000000000000000       -0.0000000000000000    -0.0000000000000000       -0.0000000000000000    -0.0000000000000000
     0.0000000000000000     0.0000000000000000       -0.0000000000000000    -0.0000000000000000       -0.0000000000000000    -0.0000000000000000
    2    1
    -0.0000000000000000     0.0000000000000000       -0.0000000000000000     0.0000000000000000        0.0000000000000000    -0.0000000000000000
    -0.0000000000000000     0.0000000000000000       -0.0000000000000000     0.0000000000000000       -0.0000000000000000     0.0000000000000000
     0.0000000000000000    -0.0000000000000000       -0.0000000000000000     0.0000000000000000       -0.0000000000000000     0.0000000000000000
    2    2
     0.0857081721526712     0.0000000000000000       -0.0241132774703258     0.0000000000000000        0.0241132774703258     0.0000000000000000
    -0.0241132774703258     0.0000000000000000        0.0857081721526711     0.0000000000000000       -0.0241132774703258     0.0000000000000000
     0.0241132774703258     0.0000000000000000       -0.0241132774703258     0.0000000000000000        0.0857081721526712     0.0000000000000000

     Dynamical Matrix in cartesian axes

     q = (    0.500000000000   0.500000000000   -0.500000000000 )

    1    1
     0.1014828216688779     0.0000000000000000        0.0059857375862685     0.0000000000000000       -0.0059857375862685     0.0000000000000000
     0.0059857375862685     0.0000000000000000        0.1014828216688780     0.0000000000000000       -0.0059857375862686     0.0000000000000000
    -0.0059857375862686     0.0000000000000000       -0.0059857375862686     0.0000000000000000        0.1014828216688780     0.0000000000000000
    1    2
    -0.0000000000000000    -0.0000000000000000        0.0000000000000000     0.0000000000000000       -0.0000000000000000    -0.0000000000000000
     0.0000000000000000     0.0000000000000000       -0.0000000000000000    -0.0000000000000000       -0.0000000000000000    -0.0000000000000000
    -0.0000000000000000    -0.0000000000000000       -0.0000000000000000    -0.0000000000000000       -0.0000000000000000    -0.0000000000000000
    2    1
    -0.0000000000000000     0.0000000000000000        0.0000000000000000    -0.0000000000000000       -0.0000000000000000     0.0000000000000000
     0.0000000000000000    -0.0000000000000000       -0.0000000000000000     0.0000000000000000       -0.0000000000000000     0.0000000000000000
    -0.0000000000000000     0.0000000000000000       -0.0000000000000000     0.0000000000000000       -0.0000000000000000     0.0000000000000000
    2    2
     0.0857081721526712     0.0000000000000000        0.0241132774703258     0.0000000000000000       -0.0241132774703258     0.0000000000000000
     0.0241132774703258     0.0000000000000000        0.0857081721526712     0.0000000000000000       -0.0241132774703258     0.0000000000000000
    -0.0241132774703258     0.0000000000000000       -0.0241132774703258     0.0000000000000000        0.0857081721526711     0.0000000000000000

     Dynamical Matrix in cartesian axes

     q = (    -0.500000000000   -0.500000000000   -0.500000000000 )

    1    1
     0.1014828216688780     0.0000000000000000        0.0059857375862686     0.0000000000000000        0.0059857375862686     0.0000000000000000
     0.0059857375862686     0.0000000000000000        0.1014828216688780     0.0000000000000000        0.0059857375862685     0.0000000000000000
     0.0059857375862686     0.0000000000000000        0.0059857375862685     0.0000000000000000        0.1014828216688780     0.0000000000000000
    1    2
     0.0000000000000000    -0.0000000000000000       -0.0000000000000000     0.0000000000000000       -0.0000000000000000     0.0000000000000000
    -0.0000000000000000     0.0000000000000000        0.0000000000000000    -0.0000000000000000       -0.0000000000000000     0.0000000000000000
    -0.0000000000000000     0.0000000000000000       -0.0000000000000000     0.0000000000000000        0.0000000000000000    -0.0000000000000000
    2    1
     0.0000000000000000     0.0000000000000000       -0.0000000000000000    -0.0000000000000000       -0.0000000000000000    -0.0000000000000000
    -0.0000000000000000    -0.0000000000000000        0.0000000000000000     0.0000000000000000       -0.0000000000000000    -0.0000000000000000
    -0.0000000000000000    -0.0000000000000000       -0.0000000000000000    -0.0000000000000000        0.0000000000000000     0.0000000000000000
    2    2
     0.0857081721526712     0.0000000000000000        0.0241132774703258     0.0000000000000000        0.0241132774703258     0.0000000000000000
     0.0241132774703258     0.0000000000000000        0.0857081721526712     0.0000000000000000        0.0241132774703258     0.0000000000000000
     0.0241132774703258     0.0000000000000000        0.0241132774703258     0.0000000000000000        0.0857081721526712     0.0000000000000000

     Dynamical Matrix in cartesian axes

     q = (    0.500000000000   -0.500000000000   -0.500000000000 )

    1    1
     0.1014828216688780     0.0000000000000000       -0.0059857375862685     0.0000000000000000       -0.0059857375862685     0.0000000000000000
    -0.0059857375862685     0.0000000000000000        0.1014828216688780     0.0000000000000000        0.0059857375862685     0.0000000000000000
    -0.0059857375862685     0.0000000000000000        0.0059857375862685     0.0000000000000000        0.1014828216688780     0.0000000000000000
    1    2
    -0.0000000000000000    -0.0000000000000000       -0.0000000000000000    -0.0000000000000000       -0.0000000000000000    -0.0000000000000000
    -0.0000000000000000    -0.0000000000000000       -0.0000000000000000    -0.0000000000000000        0.0000000000000000     0.0000000000000000
    -0.0000000000000000    -0.0000000000000000        0.0000000000000000     0.0000000000000000       -0.0000000000000000    -0.0000000000000000
    2    1
    -0.0000000000000000     0.0000000000000000       -0.0000000000000000     0.0000000000000000       -0.0000000000000000     0.0000000000000000
    -0.0000000000000000     0.0000000000000000       -0.0000000000000000     0.0000000000000000        0.0000000000000000    -0.0000000000000000
    -0.0000000000000000     0.0000000000000000        0.0000000000000000    -0.0000000000000000       -0.0000000000000000     0.0000000000000000
    2    2
     0.0857081721526712     0.0000000000000000       -0.0241132774703258     0.0000000000000000       -0.0241132774703258     0.0000000000000000
    -0.0241132774703258     0.0000000000000000        0.0857081721526712     0.0000000000000000        0.0241132774703258     0.0000000000000000
    -0.0241132774703258     0.0000000000000000        0.0241132774703258     0.0000000000000000        0.0857081721526712     0.0000000000000000

     Diagonalizing the dynamical matrix

     q = (    0.500000000000   -0.500000000000   0.500000000000 )

***************************************************************************
   freq (    1) =     2.48221232 [THz] =    82.79767895 [cm-1]
(   0.000000  0.000000   0.000000 -0.000000   0.000000 -0.000000 )
(  -0.000000  0.303681  -0.385710 -0.379254  -0.385710 -0.379254 )
   freq (    2) =     2.48221232 [THz] =    82.79767895 [cm-1]
(   0.000000  0.000000  -0.000000 -0.000000  -0.000000 -0.000000 )
(   0.000000 -0.757921  -0.154545 -0.591758  -0.154545 -0.591758 )
   freq (    3) =     2.98112331 [THz] =    99.43955561 [cm-1]
(   0.728851 -0.000000   0.683145  0.000000  -0.045706  0.000000 )
(   0.000000 -0.000000   0.000000 -0.000000  -0.000000 -0.000000 )
   freq (    4) =     2.98112331 [THz] =    99.43955561 [cm-1]
(   0.368025  0.000000  -0.447191 -0.000000  -0.815216 -0.000000 )
(  -0.000000  0.000000  -0.000000  0.000000   0.000000  0.000000 )
   freq (    5) =     3.24934151 [THz] =   108.38635056 [cm-1]
(  -0.577350  0.000000   0.577350 -0.000000  -0.577350 -0.000000 )
(  -0.000000  0.000000  -0.000000  0.000000   0.000000  0.000000 )
   freq (    6) =     3.66027038 [THz] =   122.09346034 [cm-1]
(   0.000000  0.000000   0.000000 -0.000000   0.000000 -0.000000 )
(   0.000000 -0.577350  -0.000000  0.577350   0.000000  0.577350 )
***************************************************************************
