Dynamical matrix file
File generated with the CellConstructor by Lorenzo Monacelli
2 2 0    12.4000000000000004     0.0000000000000000     0.0000000000000000     0.0000000000000000     0.0000000000000000     0.0000000000000000
Basis vectors
   -0.5000000000000000     0.0000000000000000     0.5000000000000000
    0.0000000000000000     0.5000000000000000     0.5000000000000000
   -0.5000000000000000     0.5000000000000000     0.0000000000000000
	1  'Te '  116300.2852960780001013
	2  'Sn '  108197.5459835219953675
    1     1    -0.2500000000000000    -0.2500000000000000    -0.2500000000000000
    2     2     0.2500000000000000     0.2500000000000000     0.2500000000000000

     Dynamical Matrix in cartesian axes

     q = (    0.000000000000   0.000000000000   0.000000000000 )

    1    1
     0.0069041280550866     0.0000000000000000        0.0000000000000000     0.0000000000000000       -0.0000000000000000     0.0000000000000000
    -0.0000000000000000     0.0000000000000000        0.0069041280550866     0.0000000000000000        0.0000000000000000     0.0000000000000000
     0.0000000000000000     0.0000000000000000        0.0000000000000000     0.0000000000000000        0.0069041280550866     0.0000000000000000
    1    2
    -0.0069041280550866     0.0000000000000000       -0.0000000000000000     0.0000000000000000        0.0000000000000000     0.0000000000000000
     0.0000000000000000     0.0000000000000000       -0.0069041280550866     0.0000000000000000       -0.0000000000000000     0.0000000000000000
    -0.0000000000000000     0.0000000000000000       -0.0000000000000000     0.0000000000000000       -0.0069041280550866     0.0000000000000000
    2    1
    -0.0069041280550866     0.0000000000000000       -0.0000000000000000     0.0000000000000000        0.0000000000000000     0.0000000000000000
     0.0000000000000000     0.0000000000000000       -0.0069041280550866     0.0000000000000000       -0.0000000000000000     0.0000000000000000
    -0.0000000000000000     0.0000000000000000       -0.0000000000000000     0.0000000000000000       -0.0069041280550866     0.0000000000000000
    2    2
     0.0069041280550866     0.0000000000000000        0.0000000000000000     0.0000000000000000       -0.0000000000000000     0.0000000000000000
    -0.0000000000000000     0.0000000000000000        0.0069041280550866     0.0000000000000000        0.0000000000000000     0.0000000000000000
     0.0000000000000000     0.0000000000000000        0.0000000000000000     0.0000000000000000        0.0069041280550866     0.0000000000000000

     Diagonalizing the dynamical matrix

     q = (    0.000000000000   0.000000000000   0.000000000000 )

***************************************************************************
   freq (    1) =    -0.00000002 [THz] =    -0.00000076 [cm-1]
(   0.150881  0.000000   0.702020  0.000000   0.049490  0.000000 )
(   0.145530  0.000000   0.677123  0.000000   0.047734  0.000000 )
   freq (    2) =    -0.00000001 [THz] =    -0.00000045 [cm-1]
(  -0.342211  0.000000   0.028958  0.000000   0.632534  0.000000 )
(  -0.330074  0.000000   0.027931  0.000000   0.610102  0.000000 )
   freq (    3) =     0.00000001 [THz] =     0.00000042 [cm-1]
(   0.614958  0.000000  -0.156127  0.000000   0.339849  0.000000 )
(   0.593149  0.000000  -0.150590  0.000000   0.327797  0.000000 )
   freq (    4) =     1.15461361 [THz] =    38.51375895 [cm-1]
(   0.050804  0.000000   0.676262  0.000000   0.148469  0.000000 )
(  -0.052671  0.000000  -0.701126  0.000000  -0.153928  0.000000 )
   freq (    5) =     1.15461361 [THz] =    38.51375895 [cm-1]
(  -0.649993  0.000000  -0.004696  0.000000   0.243806  0.000000 )
(   0.673892  0.000000   0.004869  0.000000  -0.252770  0.000000 )
   freq (    6) =     1.15461361 [THz] =    38.51375895 [cm-1]
(   0.238500  0.000000  -0.156850  0.000000   0.632827  0.000000 )
(  -0.247269  0.000000   0.162617  0.000000  -0.656094  0.000000 )
***************************************************************************
