Dynamical matrix file
File generated with the CellConstructor by Lorenzo Monacelli
2 2 0    12.4000000000000004     0.0000000000000000     0.0000000000000000     0.0000000000000000     0.0000000000000000     0.0000000000000000
Basis vectors
   -0.5000000000000000     0.0000000000000000     0.5000000000000000
    0.0000000000000000     0.5000000000000000     0.5000000000000000
   -0.5000000000000000     0.5000000000000000     0.0000000000000000
	1  'Te '  116300.2852960780001013
	2  'Sn '  108197.5459835219953675
    1     1    -0.2500000000000000    -0.2500000000000000    -0.2500000000000000
    2     2     0.2500000000000000     0.2500000000000000     0.2500000000000000

     Dynamical Matrix in cartesian axes

     q = (    0.500000000000   -0.500000000000   0.500000000000 )

    1    1
     0.0887598709444694     0.0000000000000000       -0.0057207816128539     0.0000000000000000        0.0057207816128540     0.0000000000000000
    -0.0057207816128540     0.0000000000000000        0.0887598709444694     0.0000000000000000       -0.0057207816128540     0.0000000000000000
     0.0057207816128539     0.0000000000000000       -0.0057207816128540     0.0000000000000000        0.0887598709444694     0.0000000000000000
    1    2
    -0.0000000000000000    -0.0000000000000000        0.0000000000000000     0.0000000000000000       -0.0000000000000000    -0.0000000000000000
     0.0000000000000000     0.0000000000000000       -0.0000000000000000    -0.0000000000000000        0.0000000000000000     0.0000000000000000
    -0.0000000000000000    -0.0000000000000000        0.0000000000000000     0.0000000000000000       -0.0000000000000000    -0.0000000000000000
    2    1
    -0.0000000000000000     0.0000000000000000        0.0000000000000000    -0.0000000000000000       -0.0000000000000000     0.0000000000000000
     0.0000000000000000    -0.0000000000000000       -0.0000000000000000     0.0000000000000000        0.0000000000000000    -0.0000000000000000
    -0.0000000000000000     0.0000000000000000        0.0000000000000000    -0.0000000000000000       -0.0000000000000000     0.0000000000000000
    2    2
     0.0735666052244747     0.0000000000000000       -0.0243406323528383     0.0000000000000000        0.0243406323528383     0.0000000000000000
    -0.0243406323528383     0.0000000000000000        0.0735666052244747     0.0000000000000000       -0.0243406323528383     0.0000000000000000
     0.0243406323528383     0.0000000000000000       -0.0243406323528383     0.0000000000000000        0.0735666052244747     0.0000000000000000

     Dynamical Matrix in cartesian axes

     q = (    0.500000000000   0.500000000000   -0.500000000000 )

    1    1
     0.0887598709444694     0.0000000000000000        0.0057207816128540     0.0000000000000000       -0.0057207816128540     0.0000000000000000
     0.0057207816128540     0.0000000000000000        0.0887598709444694     0.0000000000000000       -0.0057207816128540     0.0000000000000000
    -0.0057207816128540     0.0000000000000000       -0.0057207816128540     0.0000000000000000        0.0887598709444694     0.0000000000000000
    1    2
    -0.0000000000000000    -0.0000000000000000       -0.0000000000000000    -0.0000000000000000        0.0000000000000000     0.0000000000000000
    -0.0000000000000000    -0.0000000000000000       -0.0000000000000000    -0.0000000000000000        0.0000000000000000     0.0000000000000000
     0.0000000000000000     0.0000000000000000        0.0000000000000000     0.0000000000000000       -0.0000000000000000    -0.0000000000000000
    2    1
    -0.0000000000000000     0.0000000000000000       -0.0000000000000000     0.0000000000000000        0.0000000000000000    -0.0000000000000000
    -0.0000000000000000     0.0000000000000000       -0.0000000000000000     0.0000000000000000        0.0000000000000000    -0.0000000000000000
     0.0000000000000000    -0.0000000000000000        0.0000000000000000    -0.0000000000000000       -0.0000000000000000     0.0000000000000000
    2    2
     0.0735666052244747     0.0000000000000000        0.0243406323528383     0.0000000000000000       -0.0243406323528383     0.0000000000000000
     0.0243406323528383     0.0000000000000000        0.0735666052244747     0.0000000000000000       -0.0243406323528383     0.0000000000000000
    -0.0243406323528383     0.0000000000000000       -0.0243406323528383     0.0000000000000000        0.0735666052244747     0.0000000000000000

     Dynamical Matrix in cartesian axes

     q = (    -0.500000000000   -0.500000000000   -0.500000000000 )

    1    1
     0.0887598709444694     0.0000000000000000        0.0057207816128540     0.0000000000000000        0.0057207816128540     0.0000000000000000
     0.0057207816128540     0.0000000000000000        0.0887598709444694     0.0000000000000000        0.0057207816128539     0.0000000000000000
     0.0057207816128539     0.0000000000000000        0.0057207816128539     0.0000000000000000        0.0887598709444694     0.0000000000000000
    1    2
     0.0000000000000000    -0.0000000000000000        0.0000000000000000    -0.0000000000000000        0.0000000000000000    -0.0000000000000000
     0.0000000000000000    -0.0000000000000000        0.0000000000000000    -0.0000000000000000        0.0000000000000000    -0.0000000000000000
     0.0000000000000000    -0.0000000000000000        0.0000000000000000    -0.0000000000000000        0.0000000000000000    -0.0000000000000000
    2    1
     0.0000000000000000     0.0000000000000000        0.0000000000000000     0.0000000000000000        0.0000000000000000     0.0000000000000000
     0.0000000000000000     0.0000000000000000        0.0000000000000000     0.0000000000000000        0.0000000000000000     0.0000000000000000
     0.0000000000000000     0.0000000000000000        0.0000000000000000     0.0000000000000000        0.0000000000000000     0.0000000000000000
    2    2
     0.0735666052244747     0.0000000000000000        0.0243406323528383     0.0000000000000000        0.0243406323528383     0.0000000000000000
     0.0243406323528383     0.0000000000000000        0.0735666052244747     0.0000000000000000        0.0243406323528383     0.0000000000000000
     0.0243406323528383     0.0000000000000000        0.0243406323528384     0.0000000000000000        0.0735666052244746     0.0000000000000000

     Dynamical Matrix in cartesian axes

     q = (    0.500000000000   -0.500000000000   -0.500000000000 )

    1    1
     0.0887598709444694     0.0000000000000000       -0.0057207816128540     0.0000000000000000       -0.0057207816128539     0.0000000000000000
    -0.0057207816128540     0.0000000000000000        0.0887598709444694     0.0000000000000000        0.0057207816128540     0.0000000000000000
    -0.0057207816128540     0.0000000000000000        0.0057207816128540     0.0000000000000000        0.0887598709444694     0.0000000000000000
    1    2
    -0.0000000000000000    -0.0000000000000000        0.0000000000000000     0.0000000000000000        0.0000000000000000     0.0000000000000000
     0.0000000000000000     0.0000000000000000       -0.0000000000000000    -0.0000000000000000       -0.0000000000000000    -0.0000000000000000
     0.0000000000000000     0.0000000000000000       -0.0000000000000000    -0.0000000000000000       -0.0000000000000000    -0.0000000000000000
    2    1
    -0.0000000000000000     0.0000000000000000        0.0000000000000000    -0.0000000000000000        0.0000000000000000    -0.0000000000000000
     0.0000000000000000    -0.0000000000000000       -0.0000000000000000     0.0000000000000000       -0.0000000000000000     0.0000000000000000
     0.0000000000000000    -0.0000000000000000       -0.0000000000000000     0.0000000000000000       -0.0000000000000000     0.0000000000000000
    2    2
     0.0735666052244746     0.0000000000000000       -0.0243406323528384     0.0000000000000000       -0.0243406323528384     0.0000000000000000
    -0.0243406323528384     0.0000000000000000        0.0735666052244746     0.0000000000000000        0.0243406323528384     0.0000000000000000
    -0.0243406323528384     0.0000000000000000        0.0243406323528384     0.0000000000000000        0.0735666052244746     0.0000000000000000

     Diagonalizing the dynamical matrix

     q = (    0.500000000000   -0.500000000000   0.500000000000 )

***************************************************************************
   freq (    1) =     2.21903281 [THz] =    74.01895646 [cm-1]
(   0.000000  0.000000  -0.000000 -0.000000  -0.000000 -0.000000 )
(  -0.000000  0.758731   0.254232  0.439456   0.254232  0.439456 )
   freq (    2) =     2.21903281 [THz] =    74.01895646 [cm-1]
(   0.000000  0.000000  -0.000000 -0.000000  -0.000000 -0.000000 )
(  -0.000000  0.301651  -0.639462 -0.000316  -0.639462 -0.000316 )
   freq (    3) =     2.77988080 [THz] =    92.72682896 [cm-1]
(  -0.640806  0.000000  -0.758611  0.000000  -0.117805  0.000000 )
(   0.000000 -0.000000  -0.000000  0.000000   0.000000  0.000000 )
   freq (    4) =     2.77988080 [THz] =    92.72682896 [cm-1]
(  -0.505999  0.000000   0.301955 -0.000000   0.807953 -0.000000 )
(  -0.000000  0.000000   0.000000 -0.000000  -0.000000 -0.000000 )
   freq (    5) =     3.05366825 [THz] =   101.85939401 [cm-1]
(   0.577350  0.000000  -0.577350 -0.000000   0.577350 -0.000000 )
(  -0.000000  0.000000   0.000000 -0.000000  -0.000000 -0.000000 )
   freq (    6) =     3.49693226 [THz] =   116.64508779 [cm-1]
(   0.000000  0.000000  -0.000000 -0.000000  -0.000000 -0.000000 )
(  -0.000000  0.577350   0.000000 -0.577350  -0.000000 -0.577350 )
***************************************************************************
