Dynamical matrix file
File generated with the CellConstructor by Lorenzo Monacelli
2 2 0    12.4000000000000004     0.0000000000000000     0.0000000000000000     0.0000000000000000     0.0000000000000000     0.0000000000000000
Basis vectors
   -0.5000000000000000     0.0000000000000000     0.5000000000000000
    0.0000000000000000     0.5000000000000000     0.5000000000000000
   -0.5000000000000000     0.5000000000000000     0.0000000000000000
	1  'Te '  116300.2852960780001013
	2  'Sn '  108197.5459835219953675
    1     1    -0.2500000000000000    -0.2500000000000000    -0.2500000000000000
    2     2     0.2500000000000000     0.2500000000000000     0.2500000000000000

     Dynamical Matrix in cartesian axes

     q = (    0.500000000000   -0.500000000000   0.500000000000 )

    1    1
     0.0940130057780779     0.0000000000000000       -0.0060006996916372     0.0000000000000000        0.0060006996916372     0.0000000000000000
    -0.0060006996916372     0.0000000000000000        0.0940130057780779     0.0000000000000000       -0.0060006996916371     0.0000000000000000
     0.0060006996916372     0.0000000000000000       -0.0060006996916371     0.0000000000000000        0.0940130057780779     0.0000000000000000
    1    2
    -0.0000000000000000    -0.0000000000000000        0.0000000000000000     0.0000000000000000       -0.0000000000000000    -0.0000000000000000
     0.0000000000000000     0.0000000000000000       -0.0000000000000000    -0.0000000000000000        0.0000000000000000     0.0000000000000000
    -0.0000000000000000    -0.0000000000000000        0.0000000000000000     0.0000000000000000       -0.0000000000000000    -0.0000000000000000
    2    1
    -0.0000000000000000     0.0000000000000000        0.0000000000000000    -0.0000000000000000       -0.0000000000000000     0.0000000000000000
     0.0000000000000000    -0.0000000000000000       -0.0000000000000000     0.0000000000000000        0.0000000000000000    -0.0000000000000000
    -0.0000000000000000     0.0000000000000000        0.0000000000000000    -0.0000000000000000       -0.0000000000000000     0.0000000000000000
    2    2
     0.0784104605441899     0.0000000000000000       -0.0240665891174408     0.0000000000000000        0.0240665891174408     0.0000000000000000
    -0.0240665891174408     0.0000000000000000        0.0784104605441899     0.0000000000000000       -0.0240665891174408     0.0000000000000000
     0.0240665891174408     0.0000000000000000       -0.0240665891174408     0.0000000000000000        0.0784104605441899     0.0000000000000000

     Dynamical Matrix in cartesian axes

     q = (    0.500000000000   0.500000000000   -0.500000000000 )

    1    1
     0.0940130057780779     0.0000000000000000        0.0060006996916372     0.0000000000000000       -0.0060006996916372     0.0000000000000000
     0.0060006996916372     0.0000000000000000        0.0940130057780779     0.0000000000000000       -0.0060006996916371     0.0000000000000000
    -0.0060006996916372     0.0000000000000000       -0.0060006996916371     0.0000000000000000        0.0940130057780779     0.0000000000000000
    1    2
    -0.0000000000000000    -0.0000000000000000       -0.0000000000000000    -0.0000000000000000        0.0000000000000000     0.0000000000000000
    -0.0000000000000000    -0.0000000000000000       -0.0000000000000000    -0.0000000000000000        0.0000000000000000     0.0000000000000000
     0.0000000000000000     0.0000000000000000        0.0000000000000000     0.0000000000000000       -0.0000000000000000    -0.0000000000000000
    2    1
    -0.0000000000000000     0.0000000000000000       -0.0000000000000000     0.0000000000000000        0.0000000000000000    -0.0000000000000000
    -0.0000000000000000     0.0000000000000000       -0.0000000000000000     0.0000000000000000        0.0000000000000000    -0.0000000000000000
     0.0000000000000000    -0.0000000000000000        0.0000000000000000    -0.0000000000000000       -0.0000000000000000     0.0000000000000000
    2    2
     0.0784104605441899     0.0000000000000000        0.0240665891174408     0.0000000000000000       -0.0240665891174408     0.0000000000000000
     0.0240665891174408     0.0000000000000000        0.0784104605441899     0.0000000000000000       -0.0240665891174408     0.0000000000000000
    -0.0240665891174408     0.0000000000000000       -0.0240665891174408     0.0000000000000000        0.0784104605441899     0.0000000000000000

     Dynamical Matrix in cartesian axes

     q = (    -0.500000000000   -0.500000000000   -0.500000000000 )

    1    1
     0.0940130057780779     0.0000000000000000        0.0060006996916372     0.0000000000000000        0.0060006996916371     0.0000000000000000
     0.0060006996916372     0.0000000000000000        0.0940130057780779     0.0000000000000000        0.0060006996916372     0.0000000000000000
     0.0060006996916371     0.0000000000000000        0.0060006996916372     0.0000000000000000        0.0940130057780779     0.0000000000000000
    1    2
     0.0000000000000000    -0.0000000000000000        0.0000000000000000    -0.0000000000000000        0.0000000000000000    -0.0000000000000000
     0.0000000000000000    -0.0000000000000000        0.0000000000000000    -0.0000000000000000        0.0000000000000000    -0.0000000000000000
     0.0000000000000000    -0.0000000000000000        0.0000000000000000    -0.0000000000000000        0.0000000000000000    -0.0000000000000000
    2    1
     0.0000000000000000     0.0000000000000000        0.0000000000000000     0.0000000000000000        0.0000000000000000     0.0000000000000000
     0.0000000000000000     0.0000000000000000        0.0000000000000000     0.0000000000000000        0.0000000000000000     0.0000000000000000
     0.0000000000000000     0.0000000000000000        0.0000000000000000     0.0000000000000000        0.0000000000000000     0.0000000000000000
    2    2
     0.0784104605441899     0.0000000000000000        0.0240665891174408     0.0000000000000000        0.0240665891174408     0.0000000000000000
     0.0240665891174408     0.0000000000000000        0.0784104605441899     0.0000000000000000        0.0240665891174408     0.0000000000000000
     0.0240665891174408     0.0000000000000000        0.0240665891174408     0.0000000000000000        0.0784104605441899     0.0000000000000000

     Dynamical Matrix in cartesian axes

     q = (    0.500000000000   -0.500000000000   -0.500000000000 )

    1    1
     0.0940130057780779     0.0000000000000000       -0.0060006996916371     0.0000000000000000       -0.0060006996916371     0.0000000000000000
    -0.0060006996916371     0.0000000000000000        0.0940130057780779     0.0000000000000000        0.0060006996916371     0.0000000000000000
    -0.0060006996916371     0.0000000000000000        0.0060006996916371     0.0000000000000000        0.0940130057780779     0.0000000000000000
    1    2
    -0.0000000000000000    -0.0000000000000000        0.0000000000000000     0.0000000000000000        0.0000000000000000     0.0000000000000000
     0.0000000000000000     0.0000000000000000       -0.0000000000000000    -0.0000000000000000       -0.0000000000000000    -0.0000000000000000
     0.0000000000000000     0.0000000000000000       -0.0000000000000000    -0.0000000000000000       -0.0000000000000000    -0.0000000000000000
    2    1
    -0.0000000000000000     0.0000000000000000        0.0000000000000000    -0.0000000000000000        0.0000000000000000    -0.0000000000000000
     0.0000000000000000    -0.0000000000000000       -0.0000000000000000     0.0000000000000000       -0.0000000000000000     0.0000000000000000
     0.0000000000000000    -0.0000000000000000       -0.0000000000000000     0.0000000000000000       -0.0000000000000000     0.0000000000000000
    2    2
     0.0784104605441899     0.0000000000000000       -0.0240665891174408     0.0000000000000000       -0.0240665891174408     0.0000000000000000
    -0.0240665891174408     0.0000000000000000        0.0784104605441899     0.0000000000000000        0.0240665891174408     0.0000000000000000
    -0.0240665891174408     0.0000000000000000        0.0240665891174408     0.0000000000000000        0.0784104605441899     0.0000000000000000

     Diagonalizing the dynamical matrix

     q = (    0.500000000000   -0.500000000000   0.500000000000 )

***************************************************************************
   freq (    1) =     2.33153455 [THz] =    77.77161025 [cm-1]
(   0.000000  0.000000   0.000000  0.000000   0.000000  0.000000 )
(  -0.000000 -0.000000  -0.306113  0.637412  -0.306113  0.637412 )
   freq (    2) =     2.33153455 [THz] =    77.77161025 [cm-1]
(   0.000000  0.000000  -0.000000 -0.000000  -0.000000 -0.000000 )
(  -0.000000  0.816497  -0.000000  0.408248   0.000000  0.408248 )
   freq (    3) =     2.86191404 [THz] =    95.46316293 [cm-1]
(   0.727273 -0.000000   0.685049  0.000000  -0.042224  0.000000 )
(  -0.000000  0.000000   0.000000 -0.000000  -0.000000 -0.000000 )
   freq (    4) =     2.86191404 [THz] =    95.46316293 [cm-1]
(   0.371135  0.000000  -0.444269 -0.000000  -0.815404 -0.000000 )
(   0.000000 -0.000000  -0.000000  0.000000   0.000000  0.000000 )
   freq (    5) =     3.14099558 [THz] =   104.77231977 [cm-1]
(  -0.577350  0.000000   0.577350 -0.000000  -0.577350 -0.000000 )
(   0.000000 -0.000000  -0.000000  0.000000   0.000000  0.000000 )
   freq (    6) =     3.55784258 [THz] =   118.67683710 [cm-1]
(   0.000000  0.000000   0.000000  0.000000   0.000000  0.000000 )
(   0.000000 -0.577350  -0.000000  0.577350   0.000000  0.577350 )
***************************************************************************
