Dynamical matrix file
File generated with the CellConstructor by Lorenzo Monacelli
2 2 0    12.4000000000000004     0.0000000000000000     0.0000000000000000     0.0000000000000000     0.0000000000000000     0.0000000000000000
Basis vectors
   -0.5000000000000000     0.0000000000000000     0.5000000000000000
    0.0000000000000000     0.5000000000000000     0.5000000000000000
   -0.5000000000000000     0.5000000000000000     0.0000000000000000
	1  'Te '  116300.2852960780001013
	2  'Sn '  108197.5459835219953675
    1     1    -0.2500000000000000    -0.2500000000000000    -0.2500000000000000
    2     2     0.2500000000000000     0.2500000000000000     0.2500000000000000

     Dynamical Matrix in cartesian axes

     q = (    0.500000000000   -0.500000000000   0.500000000000 )

    1    1
     0.0964557433119966     0.0000000000000000       -0.0058016493567515     0.0000000000000000        0.0058016493567515     0.0000000000000000
    -0.0058016493567515     0.0000000000000000        0.0964557433119966     0.0000000000000000       -0.0058016493567515     0.0000000000000000
     0.0058016493567515     0.0000000000000000       -0.0058016493567515     0.0000000000000000        0.0964557433119966     0.0000000000000000
    1    2
     0.0000000000000000     0.0000000000000000        0.0000000000000000     0.0000000000000000       -0.0000000000000000    -0.0000000000000000
     0.0000000000000000     0.0000000000000000        0.0000000000000000     0.0000000000000000        0.0000000000000000     0.0000000000000000
    -0.0000000000000000    -0.0000000000000000        0.0000000000000000     0.0000000000000000        0.0000000000000000     0.0000000000000000
    2    1
     0.0000000000000000    -0.0000000000000000        0.0000000000000000    -0.0000000000000000       -0.0000000000000000     0.0000000000000000
     0.0000000000000000    -0.0000000000000000        0.0000000000000000    -0.0000000000000000        0.0000000000000000    -0.0000000000000000
    -0.0000000000000000     0.0000000000000000        0.0000000000000000    -0.0000000000000000        0.0000000000000000    -0.0000000000000000
    2    2
     0.0808984609421821     0.0000000000000000       -0.0242695992740886     0.0000000000000000        0.0242695992740886     0.0000000000000000
    -0.0242695992740886     0.0000000000000000        0.0808984609421821     0.0000000000000000       -0.0242695992740886     0.0000000000000000
     0.0242695992740886     0.0000000000000000       -0.0242695992740886     0.0000000000000000        0.0808984609421821     0.0000000000000000

     Dynamical Matrix in cartesian axes

     q = (    0.500000000000   0.500000000000   -0.500000000000 )

    1    1
     0.0964557433119966     0.0000000000000000        0.0058016493567515     0.0000000000000000       -0.0058016493567515     0.0000000000000000
     0.0058016493567515     0.0000000000000000        0.0964557433119966     0.0000000000000000       -0.0058016493567515     0.0000000000000000
    -0.0058016493567515     0.0000000000000000       -0.0058016493567515     0.0000000000000000        0.0964557433119966     0.0000000000000000
    1    2
     0.0000000000000000     0.0000000000000000       -0.0000000000000000    -0.0000000000000000        0.0000000000000000     0.0000000000000000
    -0.0000000000000000    -0.0000000000000000        0.0000000000000000     0.0000000000000000        0.0000000000000000     0.0000000000000000
     0.0000000000000000     0.0000000000000000        0.0000000000000000     0.0000000000000000        0.0000000000000000     0.0000000000000000
    2    1
     0.0000000000000000    -0.0000000000000000       -0.0000000000000000     0.0000000000000000        0.0000000000000000    -0.0000000000000000
    -0.0000000000000000     0.0000000000000000        0.0000000000000000    -0.0000000000000000        0.0000000000000000    -0.0000000000000000
     0.0000000000000000    -0.0000000000000000        0.0000000000000000    -0.0000000000000000        0.0000000000000000    -0.0000000000000000
    2    2
     0.0808984609421821     0.0000000000000000        0.0242695992740886     0.0000000000000000       -0.0242695992740886     0.0000000000000000
     0.0242695992740886     0.0000000000000000        0.0808984609421821     0.0000000000000000       -0.0242695992740886     0.0000000000000000
    -0.0242695992740886     0.0000000000000000       -0.0242695992740886     0.0000000000000000        0.0808984609421821     0.0000000000000000

     Dynamical Matrix in cartesian axes

     q = (    -0.500000000000   -0.500000000000   -0.500000000000 )

    1    1
     0.0964557433119966     0.0000000000000000        0.0058016493567515     0.0000000000000000        0.0058016493567515     0.0000000000000000
     0.0058016493567515     0.0000000000000000        0.0964557433119966     0.0000000000000000        0.0058016493567515     0.0000000000000000
     0.0058016493567515     0.0000000000000000        0.0058016493567515     0.0000000000000000        0.0964557433119966     0.0000000000000000
    1    2
    -0.0000000000000000     0.0000000000000000        0.0000000000000000    -0.0000000000000000        0.0000000000000000    -0.0000000000000000
     0.0000000000000000    -0.0000000000000000       -0.0000000000000000     0.0000000000000000        0.0000000000000000    -0.0000000000000000
     0.0000000000000000    -0.0000000000000000        0.0000000000000000    -0.0000000000000000       -0.0000000000000000     0.0000000000000000
    2    1
    -0.0000000000000000    -0.0000000000000000        0.0000000000000000     0.0000000000000000        0.0000000000000000     0.0000000000000000
     0.0000000000000000     0.0000000000000000       -0.0000000000000000    -0.0000000000000000        0.0000000000000000     0.0000000000000000
     0.0000000000000000     0.0000000000000000        0.0000000000000000     0.0000000000000000       -0.0000000000000000    -0.0000000000000000
    2    2
     0.0808984609421821     0.0000000000000000        0.0242695992740886     0.0000000000000000        0.0242695992740886     0.0000000000000000
     0.0242695992740887     0.0000000000000000        0.0808984609421821     0.0000000000000000        0.0242695992740886     0.0000000000000000
     0.0242695992740886     0.0000000000000000        0.0242695992740886     0.0000000000000000        0.0808984609421821     0.0000000000000000

     Dynamical Matrix in cartesian axes

     q = (    0.500000000000   -0.500000000000   -0.500000000000 )

    1    1
     0.0964557433119966     0.0000000000000000       -0.0058016493567515     0.0000000000000000       -0.0058016493567515     0.0000000000000000
    -0.0058016493567515     0.0000000000000000        0.0964557433119966     0.0000000000000000        0.0058016493567515     0.0000000000000000
    -0.0058016493567515     0.0000000000000000        0.0058016493567515     0.0000000000000000        0.0964557433119966     0.0000000000000000
    1    2
     0.0000000000000000     0.0000000000000000        0.0000000000000000     0.0000000000000000        0.0000000000000000     0.0000000000000000
     0.0000000000000000     0.0000000000000000        0.0000000000000000     0.0000000000000000       -0.0000000000000000    -0.0000000000000000
     0.0000000000000000     0.0000000000000000       -0.0000000000000000    -0.0000000000000000        0.0000000000000000     0.0000000000000000
    2    1
     0.0000000000000000    -0.0000000000000000        0.0000000000000000    -0.0000000000000000        0.0000000000000000    -0.0000000000000000
     0.0000000000000000    -0.0000000000000000        0.0000000000000000    -0.0000000000000000       -0.0000000000000000     0.0000000000000000
     0.0000000000000000    -0.0000000000000000       -0.0000000000000000     0.0000000000000000        0.0000000000000000    -0.0000000000000000
    2    2
     0.0808984609421821     0.0000000000000000       -0.0242695992740886     0.0000000000000000       -0.0242695992740886     0.0000000000000000
    -0.0242695992740886     0.0000000000000000        0.0808984609421821     0.0000000000000000        0.0242695992740886     0.0000000000000000
    -0.0242695992740886     0.0000000000000000        0.0242695992740886     0.0000000000000000        0.0808984609421821     0.0000000000000000

     Diagonalizing the dynamical matrix

     q = (    0.500000000000   -0.500000000000   0.500000000000 )

***************************************************************************
   freq (    1) =     2.38004673 [THz] =    79.38980219 [cm-1]
(   0.000000  0.000000  -0.000000 -0.000000   0.000000 -0.000000 )
(   0.000000  0.000000   0.694637 -0.132208   0.694637 -0.132208 )
   freq (    2) =     2.38004673 [THz] =    79.38980219 [cm-1]
(   0.000000  0.000000  -0.000000  0.000000  -0.000000  0.000000 )
(   0.000000 -0.816497   0.000000 -0.408248  -0.000000 -0.408248 )
   freq (    3) =     2.90454825 [THz] =    96.88528701 [cm-1]
(   0.506579  0.000000  -0.301267  0.000000  -0.807846  0.000000 )
(  -0.000000  0.000000  -0.000000  0.000000   0.000000  0.000000 )
   freq (    4) =     2.90454825 [THz] =    96.88528701 [cm-1]
(  -0.640347  0.000000  -0.758884  0.000000  -0.118537  0.000000 )
(  -0.000000  0.000000  -0.000000  0.000000   0.000000  0.000000 )
   freq (    5) =     3.17114018 [THz] =   105.77783548 [cm-1]
(   0.577350  0.000000  -0.577350  0.000000   0.577350  0.000000 )
(  -0.000000  0.000000  -0.000000  0.000000   0.000000  0.000000 )
   freq (    6) =     3.59829607 [THz] =   120.02622018 [cm-1]
(   0.000000  0.000000   0.000000 -0.000000   0.000000 -0.000000 )
(  -0.000000  0.577350   0.000000 -0.577350  -0.000000 -0.577350 )
***************************************************************************
