Dynamical matrix file
File generated with the CellConstructor by Lorenzo Monacelli
2 2 0    12.4000000000000004     0.0000000000000000     0.0000000000000000     0.0000000000000000     0.0000000000000000     0.0000000000000000
Basis vectors
   -0.5000000000000000     0.0000000000000000     0.5000000000000000
    0.0000000000000000     0.5000000000000000     0.5000000000000000
   -0.5000000000000000     0.5000000000000000     0.0000000000000000
	1  'Te '  116300.2852960780001013
	2  'Sn '  108197.5459835219953675
    1     1    -0.2500000000000000    -0.2500000000000000    -0.2500000000000000
    2     2     0.2500000000000000     0.2500000000000000     0.2500000000000000

     Dynamical Matrix in cartesian axes

     q = (    0.000000000000   -1.000000000000   0.000000000000 )

    1    1
     0.0455242308417348     0.0000000000000000        0.0000000000000000     0.0000000000000000       -0.0000000000000000     0.0000000000000000
     0.0000000000000000     0.0000000000000000        0.0575466844775972     0.0000000000000000        0.0000000000000000     0.0000000000000000
    -0.0000000000000000     0.0000000000000000        0.0000000000000000     0.0000000000000000        0.0455242308417348     0.0000000000000000
    1    2
     0.0159670853165186     0.0000000004652957       -0.0000000000000000    -0.0000000000000000        0.0000000000000000     0.0000000000000000
    -0.0000000000000000     0.0000000000000000       -0.0071457033025098    -0.0000000002082324        0.0000000000000000    -0.0000000000000000
     0.0000000000000000     0.0000000000000000        0.0000000000000000     0.0000000000000000        0.0159670853165186     0.0000000004652957
    2    1
     0.0159670853165186    -0.0000000004652957       -0.0000000000000000     0.0000000000000000        0.0000000000000000    -0.0000000000000000
    -0.0000000000000000    -0.0000000000000000       -0.0071457033025098     0.0000000002082324        0.0000000000000000     0.0000000000000000
     0.0000000000000000    -0.0000000000000000        0.0000000000000000    -0.0000000000000000        0.0159670853165186    -0.0000000004652957
    2    2
     0.0234322968572073     0.0000000000000000        0.0000000000000000     0.0000000000000000        0.0000000000000000     0.0000000000000000
     0.0000000000000000     0.0000000000000000        0.0262360827657505     0.0000000000000000        0.0000000000000000     0.0000000000000000
     0.0000000000000000     0.0000000000000000        0.0000000000000000     0.0000000000000000        0.0234322968572073     0.0000000000000000

     Dynamical Matrix in cartesian axes

     q = (    -1.000000000000   0.000000000000   0.000000000000 )

    1    1
     0.0575466844775971     0.0000000000000000        0.0000000000000000     0.0000000000000000        0.0000000000000000     0.0000000000000000
     0.0000000000000000     0.0000000000000000        0.0455242308417348     0.0000000000000000        0.0000000000000000     0.0000000000000000
     0.0000000000000000     0.0000000000000000        0.0000000000000000     0.0000000000000000        0.0455242308417348     0.0000000000000000
    1    2
    -0.0071457033025098    -0.0000000002082324       -0.0000000000000000    -0.0000000000000000       -0.0000000000000000    -0.0000000000000000
    -0.0000000000000000    -0.0000000000000000        0.0159670853165186     0.0000000004652957       -0.0000000000000000    -0.0000000000000000
    -0.0000000000000000    -0.0000000000000000       -0.0000000000000000    -0.0000000000000000        0.0159670853165186     0.0000000004652957
    2    1
    -0.0071457033025098     0.0000000002082324       -0.0000000000000000     0.0000000000000000       -0.0000000000000000     0.0000000000000000
    -0.0000000000000000     0.0000000000000000        0.0159670853165186    -0.0000000004652957       -0.0000000000000000     0.0000000000000000
    -0.0000000000000000     0.0000000000000000       -0.0000000000000000     0.0000000000000000        0.0159670853165186    -0.0000000004652957
    2    2
     0.0262360827657505     0.0000000000000000       -0.0000000000000000     0.0000000000000000        0.0000000000000000     0.0000000000000000
    -0.0000000000000000     0.0000000000000000        0.0234322968572073     0.0000000000000000       -0.0000000000000000     0.0000000000000000
     0.0000000000000000     0.0000000000000000       -0.0000000000000000     0.0000000000000000        0.0234322968572073     0.0000000000000000

     Dynamical Matrix in cartesian axes

     q = (    0.000000000000   0.000000000000   1.000000000000 )

    1    1
     0.0455242308417348     0.0000000000000000        0.0000000000000000     0.0000000000000000        0.0000000000000000     0.0000000000000000
     0.0000000000000000     0.0000000000000000        0.0455242308417348     0.0000000000000000       -0.0000000000000000     0.0000000000000000
    -0.0000000000000000     0.0000000000000000       -0.0000000000000000     0.0000000000000000        0.0575466844775971     0.0000000000000000
    1    2
     0.0159670853165186     0.0000000004652957        0.0000000000000000     0.0000000000000000        0.0000000000000000     0.0000000000000000
     0.0000000000000000     0.0000000000000000        0.0159670853165186     0.0000000004652957        0.0000000000000000     0.0000000000000000
     0.0000000000000000     0.0000000000000000        0.0000000000000000     0.0000000000000000       -0.0071457033025098    -0.0000000002082324
    2    1
     0.0159670853165186    -0.0000000004652957        0.0000000000000000    -0.0000000000000000        0.0000000000000000    -0.0000000000000000
     0.0000000000000000    -0.0000000000000000        0.0159670853165186    -0.0000000004652957        0.0000000000000000     0.0000000000000000
     0.0000000000000000    -0.0000000000000000        0.0000000000000000     0.0000000000000000       -0.0071457033025098     0.0000000002082324
    2    2
     0.0234322968572073     0.0000000000000000        0.0000000000000000     0.0000000000000000       -0.0000000000000000     0.0000000000000000
     0.0000000000000000     0.0000000000000000        0.0234322968572073     0.0000000000000000       -0.0000000000000000     0.0000000000000000
    -0.0000000000000000     0.0000000000000000       -0.0000000000000000     0.0000000000000000        0.0262360827657505     0.0000000000000000

     Diagonalizing the dynamical matrix

     q = (    0.000000000000   -1.000000000000   0.000000000000 )

***************************************************************************
   freq (    1) =     1.21748452 [THz] =    40.61090635 [cm-1]
(  -0.078164  0.000000   0.000000  0.000000   0.481860  0.000000 )
(   0.139745 -0.000000   0.000000 -0.000000  -0.861494 -0.000000 )
   freq (    2) =     1.21748452 [THz] =    40.61090635 [cm-1]
(  -0.481860  0.000000  -0.000000 -0.000000  -0.078164 -0.000000 )
(   0.861494 -0.000000  -0.000000  0.000000   0.139745  0.000000 )
   freq (    3) =     1.56851263 [THz] =    52.31994200 [cm-1]
(   0.000000  0.000000  -0.231659 -0.000000   0.000000 -0.000000 )
(  -0.000000  0.000000  -0.972797  0.000000  -0.000000  0.000000 )
   freq (    4) =     2.25792605 [THz] =    75.31629538 [cm-1]
(   0.872713  0.000000  -0.000000 -0.000000   0.008501 -0.000000 )
(   0.488136 -0.000000   0.000000 -0.000000   0.004755 -0.000000 )
   freq (    5) =     2.25792605 [THz] =    75.31629538 [cm-1]
(   0.008501  0.000000  -0.000000 -0.000000  -0.872713 -0.000000 )
(   0.004755 -0.000000   0.000000 -0.000000  -0.488136 -0.000000 )
   freq (    6) =     2.34937400 [THz] =    78.36666989 [cm-1]
(   0.000000 -0.000000   0.972797  0.000000  -0.000000  0.000000 )
(   0.000000 -0.000000  -0.231659  0.000000  -0.000000  0.000000 )
***************************************************************************
