Dynamical matrix file
File generated with the CellConstructor by Lorenzo Monacelli
2 2 0    12.4000000000000004     0.0000000000000000     0.0000000000000000     0.0000000000000000     0.0000000000000000     0.0000000000000000
Basis vectors
   -0.5000000000000000     0.0000000000000000     0.5000000000000000
    0.0000000000000000     0.5000000000000000     0.5000000000000000
   -0.5000000000000000     0.5000000000000000     0.0000000000000000
	1  'Te '  116300.2852960780001013
	2  'Sn '  108197.5459835219953675
    1     1    -0.2500000000000000    -0.2500000000000000    -0.2500000000000000
    2     2     0.2500000000000000     0.2500000000000000     0.2500000000000000

     Dynamical Matrix in cartesian axes

     q = (    0.000000000000   -1.000000000000   0.000000000000 )

    1    1
     0.0404219252018079     0.0000000000000000        0.0000000000000000     0.0000000000000000       -0.0000000000000000     0.0000000000000000
     0.0000000000000000     0.0000000000000000        0.0521116505401765     0.0000000000000000       -0.0000000000000000     0.0000000000000000
    -0.0000000000000000     0.0000000000000000       -0.0000000000000000     0.0000000000000000        0.0404219252018079     0.0000000000000000
    1    2
     0.0116034492504850     0.0000000003381353       -0.0000000000000000     0.0000000000000000        0.0000000000000000    -0.0000000000000000
    -0.0000000000000000     0.0000000000000000       -0.0033524548214842    -0.0000000000976936        0.0000000000000000    -0.0000000000000000
     0.0000000000000000    -0.0000000000000000        0.0000000000000000    -0.0000000000000000        0.0116034492504850     0.0000000003381353
    2    1
     0.0116034492504850    -0.0000000003381353       -0.0000000000000000    -0.0000000000000000        0.0000000000000000     0.0000000000000000
    -0.0000000000000000     0.0000000000000000       -0.0033524548214842     0.0000000000976936        0.0000000000000000     0.0000000000000000
     0.0000000000000000     0.0000000000000000        0.0000000000000000     0.0000000000000000        0.0116034492504850    -0.0000000003381353
    2    2
     0.0184805967236137     0.0000000000000000        0.0000000000000000     0.0000000000000000        0.0000000000000000     0.0000000000000000
    -0.0000000000000000     0.0000000000000000        0.0214558767108389     0.0000000000000000        0.0000000000000000     0.0000000000000000
     0.0000000000000000     0.0000000000000000        0.0000000000000000     0.0000000000000000        0.0184805967236137     0.0000000000000000

     Dynamical Matrix in cartesian axes

     q = (    -1.000000000000   0.000000000000   0.000000000000 )

    1    1
     0.0521116505401765     0.0000000000000000        0.0000000000000000     0.0000000000000000        0.0000000000000000     0.0000000000000000
     0.0000000000000000     0.0000000000000000        0.0404219252018079     0.0000000000000000        0.0000000000000000     0.0000000000000000
     0.0000000000000000     0.0000000000000000        0.0000000000000000     0.0000000000000000        0.0404219252018079     0.0000000000000000
    1    2
    -0.0033524548214842    -0.0000000000976936       -0.0000000000000000     0.0000000000000000       -0.0000000000000000     0.0000000000000000
    -0.0000000000000000     0.0000000000000000        0.0116034492504850     0.0000000003381353       -0.0000000000000000     0.0000000000000000
    -0.0000000000000000     0.0000000000000000       -0.0000000000000000     0.0000000000000000        0.0116034492504850     0.0000000003381353
    2    1
    -0.0033524548214842     0.0000000000976936       -0.0000000000000000    -0.0000000000000000       -0.0000000000000000    -0.0000000000000000
    -0.0000000000000000    -0.0000000000000000        0.0116034492504850    -0.0000000003381353       -0.0000000000000000    -0.0000000000000000
    -0.0000000000000000    -0.0000000000000000       -0.0000000000000000    -0.0000000000000000        0.0116034492504850    -0.0000000003381353
    2    2
     0.0214558767108389     0.0000000000000000       -0.0000000000000000     0.0000000000000000        0.0000000000000000     0.0000000000000000
     0.0000000000000000     0.0000000000000000        0.0184805967236137     0.0000000000000000       -0.0000000000000000     0.0000000000000000
    -0.0000000000000000     0.0000000000000000       -0.0000000000000000     0.0000000000000000        0.0184805967236137     0.0000000000000000

     Dynamical Matrix in cartesian axes

     q = (    0.000000000000   0.000000000000   1.000000000000 )

    1    1
     0.0404219252018079     0.0000000000000000       -0.0000000000000000     0.0000000000000000        0.0000000000000000     0.0000000000000000
    -0.0000000000000000     0.0000000000000000        0.0404219252018079     0.0000000000000000       -0.0000000000000000     0.0000000000000000
    -0.0000000000000000     0.0000000000000000       -0.0000000000000000     0.0000000000000000        0.0521116505401765     0.0000000000000000
    1    2
     0.0116034492504850     0.0000000003381353       -0.0000000000000000     0.0000000000000000        0.0000000000000000     0.0000000000000000
     0.0000000000000000    -0.0000000000000000        0.0116034492504850     0.0000000003381353        0.0000000000000000     0.0000000000000000
    -0.0000000000000000     0.0000000000000000        0.0000000000000000     0.0000000000000000       -0.0033524548214842    -0.0000000000976936
    2    1
     0.0116034492504850    -0.0000000003381353       -0.0000000000000000    -0.0000000000000000        0.0000000000000000    -0.0000000000000000
     0.0000000000000000     0.0000000000000000        0.0116034492504850    -0.0000000003381353        0.0000000000000000    -0.0000000000000000
    -0.0000000000000000    -0.0000000000000000        0.0000000000000000    -0.0000000000000000       -0.0033524548214842     0.0000000000976936
    2    2
     0.0184805967236137     0.0000000000000000        0.0000000000000000     0.0000000000000000        0.0000000000000000     0.0000000000000000
     0.0000000000000000     0.0000000000000000        0.0184805967236137     0.0000000000000000        0.0000000000000000     0.0000000000000000
     0.0000000000000000     0.0000000000000000       -0.0000000000000000     0.0000000000000000        0.0214558767108389     0.0000000000000000

     Diagonalizing the dynamical matrix

     q = (    0.000000000000   -1.000000000000   0.000000000000 )

***************************************************************************
   freq (    1) =     1.15440169 [THz] =    38.50669004 [cm-1]
(  -0.417240  0.000000   0.000000  0.000000   0.033366  0.000000 )
(   0.905293 -0.000000   0.000000 -0.000000  -0.072396 -0.000000 )
   freq (    2) =     1.15440169 [THz] =    38.50669004 [cm-1]
(  -0.033366  0.000000  -0.000000  0.000000  -0.417240  0.000000 )
(   0.072396 -0.000000  -0.000000  0.000000   0.905293  0.000000 )
   freq (    3) =     1.45192381 [THz] =    48.43095811 [cm-1]
(  -0.000000  0.000000  -0.117172 -0.000000  -0.000000 -0.000000 )
(   0.000000 -0.000000  -0.993112  0.000000  -0.000000  0.000000 )
   freq (    4) =     2.06826149 [THz] =    68.98976754 [cm-1]
(   0.052711  0.000000   0.000000 -0.000000   0.906652 -0.000000 )
(   0.024294 -0.000000  -0.000000  0.000000   0.417867  0.000000 )
   freq (    5) =     2.06826149 [THz] =    68.98976754 [cm-1]
(  -0.906652  0.000000  -0.000000 -0.000000   0.052711 -0.000000 )
(  -0.417867  0.000000   0.000000 -0.000000   0.024294 -0.000000 )
   freq (    6) =     2.21082519 [THz] =    73.74517997 [cm-1]
(   0.000000  0.000000  -0.993112  0.000000   0.000000  0.000000 )
(   0.000000 -0.000000   0.117172 -0.000000   0.000000 -0.000000 )
***************************************************************************
