Dynamical matrix file
File generated with the CellConstructor by Lorenzo Monacelli
2 2 0    12.4000000000000004     0.0000000000000000     0.0000000000000000     0.0000000000000000     0.0000000000000000     0.0000000000000000
Basis vectors
   -0.5000000000000000     0.0000000000000000     0.5000000000000000
    0.0000000000000000     0.5000000000000000     0.5000000000000000
   -0.5000000000000000     0.5000000000000000     0.0000000000000000
	1  'Te '  116300.2852960780001013
	2  'Sn '  108197.5459835219953675
    1     1    -0.2500000000000000    -0.2500000000000000    -0.2500000000000000
    2     2     0.2500000000000000     0.2500000000000000     0.2500000000000000

     Dynamical Matrix in cartesian axes

     q = (    0.000000000000   0.000000000000   0.000000000000 )

    1    1
     0.0095338904035751     0.0000000000000000        0.0000000000000000     0.0000000000000000        0.0000000000000000     0.0000000000000000
     0.0000000000000000     0.0000000000000000        0.0095338904035751     0.0000000000000000        0.0000000000000000     0.0000000000000000
     0.0000000000000000     0.0000000000000000        0.0000000000000000     0.0000000000000000        0.0095338904035751     0.0000000000000000
    1    2
    -0.0095338904035751     0.0000000000000000        0.0000000000000000     0.0000000000000000        0.0000000000000000     0.0000000000000000
     0.0000000000000000     0.0000000000000000       -0.0095338904035751     0.0000000000000000        0.0000000000000000     0.0000000000000000
     0.0000000000000000     0.0000000000000000        0.0000000000000000     0.0000000000000000       -0.0095338904035751     0.0000000000000000
    2    1
    -0.0095338904035751     0.0000000000000000        0.0000000000000000     0.0000000000000000        0.0000000000000000     0.0000000000000000
     0.0000000000000000     0.0000000000000000       -0.0095338904035751     0.0000000000000000        0.0000000000000000     0.0000000000000000
     0.0000000000000000     0.0000000000000000        0.0000000000000000     0.0000000000000000       -0.0095338904035751     0.0000000000000000
    2    2
     0.0095338904035751     0.0000000000000000        0.0000000000000000     0.0000000000000000        0.0000000000000000     0.0000000000000000
     0.0000000000000000     0.0000000000000000        0.0095338904035751     0.0000000000000000        0.0000000000000000     0.0000000000000000
     0.0000000000000000     0.0000000000000000        0.0000000000000000     0.0000000000000000        0.0095338904035751     0.0000000000000000

     Diagonalizing the dynamical matrix

     q = (    0.000000000000   0.000000000000   0.000000000000 )

***************************************************************************
   freq (    1) =    -0.00000001 [THz] =    -0.00000042 [cm-1]
(   0.394574  0.000000   0.051639  0.000000  -0.599742  0.000000 )
(   0.380581  0.000000   0.049808  0.000000  -0.578473  0.000000 )
   freq (    2) =    -0.00000000 [THz] =    -0.00000004 [cm-1]
(  -0.147829  0.000000   0.703453  0.000000  -0.036689  0.000000 )
(  -0.142587  0.000000   0.678506  0.000000  -0.035388  0.000000 )
   freq (    3) =     0.00000002 [THz] =     0.00000058 [cm-1]
(   0.583527  0.000000   0.143294  0.000000   0.396244  0.000000 )
(   0.562833  0.000000   0.138212  0.000000   0.382192  0.000000 )
   freq (    4) =     1.35680468 [THz] =    45.25812593 [cm-1]
(   0.694229  0.000000   0.000000  0.000000   0.000000  0.000000 )
(  -0.719754  0.000000   0.000000  0.000000   0.000000  0.000000 )
   freq (    5) =     1.35680468 [THz] =    45.25812593 [cm-1]
(   0.000000  0.000000   0.694229  0.000000  -0.000000  0.000000 )
(   0.000000  0.000000  -0.719754  0.000000   0.000000  0.000000 )
   freq (    6) =     1.35680468 [THz] =    45.25812593 [cm-1]
(   0.000000  0.000000   0.000000  0.000000  -0.694229  0.000000 )
(   0.000000  0.000000   0.000000  0.000000   0.719754  0.000000 )
***************************************************************************
