Dynamical matrix file
File generated with the CellConstructor by Lorenzo Monacelli
2 2 0    12.4000000000000004     0.0000000000000000     0.0000000000000000     0.0000000000000000     0.0000000000000000     0.0000000000000000
Basis vectors
   -0.5000000000000000     0.0000000000000000     0.5000000000000000
    0.0000000000000000     0.5000000000000000     0.5000000000000000
   -0.5000000000000000     0.5000000000000000     0.0000000000000000
	1  'Te '  116300.2852960780001013
	2  'Sn '  108197.5459835219953675
    1     1    -0.2500000000000000    -0.2500000000000000    -0.2500000000000000
    2     2     0.2500000000000000     0.2500000000000000     0.2500000000000000

     Dynamical Matrix in cartesian axes

     q = (    0.500000000000   -0.500000000000   0.500000000000 )

    1    1
     0.0994603895201667     0.0000000000000000       -0.0059656990539841     0.0000000000000000        0.0059656990539841     0.0000000000000000
    -0.0059656990539841     0.0000000000000000        0.0994603895201667     0.0000000000000000       -0.0059656990539841     0.0000000000000000
     0.0059656990539841     0.0000000000000000       -0.0059656990539841     0.0000000000000000        0.0994603895201667     0.0000000000000000
    1    2
    -0.0000000000000000    -0.0000000000000000        0.0000000000000000     0.0000000000000000       -0.0000000000000000    -0.0000000000000000
     0.0000000000000000     0.0000000000000000       -0.0000000000000000    -0.0000000000000000        0.0000000000000000     0.0000000000000000
    -0.0000000000000000    -0.0000000000000000        0.0000000000000000     0.0000000000000000       -0.0000000000000000    -0.0000000000000000
    2    1
    -0.0000000000000000     0.0000000000000000        0.0000000000000000    -0.0000000000000000       -0.0000000000000000     0.0000000000000000
     0.0000000000000000    -0.0000000000000000       -0.0000000000000000     0.0000000000000000        0.0000000000000000    -0.0000000000000000
    -0.0000000000000000     0.0000000000000000        0.0000000000000000    -0.0000000000000000       -0.0000000000000000     0.0000000000000000
    2    2
     0.0833277628988655     0.0000000000000000       -0.0238500003640474     0.0000000000000000        0.0238500003640474     0.0000000000000000
    -0.0238500003640474     0.0000000000000000        0.0833277628988655     0.0000000000000000       -0.0238500003640474     0.0000000000000000
     0.0238500003640474     0.0000000000000000       -0.0238500003640474     0.0000000000000000        0.0833277628988655     0.0000000000000000

     Dynamical Matrix in cartesian axes

     q = (    0.500000000000   0.500000000000   -0.500000000000 )

    1    1
     0.0994603895201667     0.0000000000000000        0.0059656990539841     0.0000000000000000       -0.0059656990539841     0.0000000000000000
     0.0059656990539841     0.0000000000000000        0.0994603895201667     0.0000000000000000       -0.0059656990539841     0.0000000000000000
    -0.0059656990539841     0.0000000000000000       -0.0059656990539841     0.0000000000000000        0.0994603895201667     0.0000000000000000
    1    2
    -0.0000000000000000    -0.0000000000000000       -0.0000000000000000    -0.0000000000000000        0.0000000000000000     0.0000000000000000
    -0.0000000000000000    -0.0000000000000000       -0.0000000000000000    -0.0000000000000000        0.0000000000000000     0.0000000000000000
     0.0000000000000000     0.0000000000000000        0.0000000000000000     0.0000000000000000       -0.0000000000000000    -0.0000000000000000
    2    1
    -0.0000000000000000     0.0000000000000000       -0.0000000000000000     0.0000000000000000        0.0000000000000000    -0.0000000000000000
    -0.0000000000000000     0.0000000000000000       -0.0000000000000000     0.0000000000000000        0.0000000000000000    -0.0000000000000000
     0.0000000000000000    -0.0000000000000000        0.0000000000000000    -0.0000000000000000       -0.0000000000000000     0.0000000000000000
    2    2
     0.0833277628988655     0.0000000000000000        0.0238500003640474     0.0000000000000000       -0.0238500003640474     0.0000000000000000
     0.0238500003640474     0.0000000000000000        0.0833277628988655     0.0000000000000000       -0.0238500003640474     0.0000000000000000
    -0.0238500003640474     0.0000000000000000       -0.0238500003640474     0.0000000000000000        0.0833277628988655     0.0000000000000000

     Dynamical Matrix in cartesian axes

     q = (    -0.500000000000   -0.500000000000   -0.500000000000 )

    1    1
     0.0994603895201667     0.0000000000000000        0.0059656990539841     0.0000000000000000        0.0059656990539841     0.0000000000000000
     0.0059656990539841     0.0000000000000000        0.0994603895201667     0.0000000000000000        0.0059656990539841     0.0000000000000000
     0.0059656990539841     0.0000000000000000        0.0059656990539841     0.0000000000000000        0.0994603895201667     0.0000000000000000
    1    2
     0.0000000000000000    -0.0000000000000000        0.0000000000000000    -0.0000000000000000        0.0000000000000000    -0.0000000000000000
     0.0000000000000000    -0.0000000000000000        0.0000000000000000    -0.0000000000000000        0.0000000000000000    -0.0000000000000000
     0.0000000000000000    -0.0000000000000000        0.0000000000000000    -0.0000000000000000        0.0000000000000000    -0.0000000000000000
    2    1
     0.0000000000000000     0.0000000000000000        0.0000000000000000     0.0000000000000000        0.0000000000000000     0.0000000000000000
     0.0000000000000000     0.0000000000000000        0.0000000000000000     0.0000000000000000        0.0000000000000000     0.0000000000000000
     0.0000000000000000     0.0000000000000000        0.0000000000000000     0.0000000000000000        0.0000000000000000     0.0000000000000000
    2    2
     0.0833277628988655     0.0000000000000000        0.0238500003640474     0.0000000000000000        0.0238500003640474     0.0000000000000000
     0.0238500003640474     0.0000000000000000        0.0833277628988655     0.0000000000000000        0.0238500003640474     0.0000000000000000
     0.0238500003640474     0.0000000000000000        0.0238500003640474     0.0000000000000000        0.0833277628988655     0.0000000000000000

     Dynamical Matrix in cartesian axes

     q = (    0.500000000000   -0.500000000000   -0.500000000000 )

    1    1
     0.0994603895201667     0.0000000000000000       -0.0059656990539841     0.0000000000000000       -0.0059656990539841     0.0000000000000000
    -0.0059656990539841     0.0000000000000000        0.0994603895201667     0.0000000000000000        0.0059656990539841     0.0000000000000000
    -0.0059656990539841     0.0000000000000000        0.0059656990539841     0.0000000000000000        0.0994603895201667     0.0000000000000000
    1    2
    -0.0000000000000000    -0.0000000000000000        0.0000000000000000     0.0000000000000000        0.0000000000000000     0.0000000000000000
     0.0000000000000000     0.0000000000000000       -0.0000000000000000    -0.0000000000000000       -0.0000000000000000    -0.0000000000000000
     0.0000000000000000     0.0000000000000000       -0.0000000000000000    -0.0000000000000000       -0.0000000000000000    -0.0000000000000000
    2    1
    -0.0000000000000000     0.0000000000000000        0.0000000000000000    -0.0000000000000000        0.0000000000000000    -0.0000000000000000
     0.0000000000000000    -0.0000000000000000       -0.0000000000000000     0.0000000000000000       -0.0000000000000000     0.0000000000000000
     0.0000000000000000    -0.0000000000000000       -0.0000000000000000     0.0000000000000000       -0.0000000000000000     0.0000000000000000
    2    2
     0.0833277628988655     0.0000000000000000       -0.0238500003640474     0.0000000000000000       -0.0238500003640474     0.0000000000000000
    -0.0238500003640474     0.0000000000000000        0.0833277628988655     0.0000000000000000        0.0238500003640474     0.0000000000000000
    -0.0238500003640474     0.0000000000000000        0.0238500003640474     0.0000000000000000        0.0833277628988655     0.0000000000000000

     Diagonalizing the dynamical matrix

     q = (    0.500000000000   -0.500000000000   0.500000000000 )

***************************************************************************
   freq (    1) =     2.43918017 [THz] =    81.36228095 [cm-1]
(   0.000000  0.000000  -0.000000  0.000000  -0.000000  0.000000 )
(  -0.000000  0.816497  -0.000000  0.408248   0.000000  0.408248 )
   freq (    2) =     2.43918017 [THz] =    81.36228095 [cm-1]
(   0.000000  0.000000  -0.000000  0.000000   0.000000  0.000000 )
(   0.000000  0.000000  -0.366096  0.604958  -0.366096  0.604958 )
   freq (    3) =     2.94970347 [THz] =    98.39150268 [cm-1]
(   0.761525 -0.000000   0.125693  0.000000  -0.635831  0.000000 )
(  -0.000000  0.000000   0.000000 -0.000000  -0.000000 -0.000000 )
   freq (    4) =     2.94970347 [THz] =    98.39150268 [cm-1]
(  -0.294528  0.000000  -0.806764  0.000000  -0.512235  0.000000 )
(  -0.000000  0.000000   0.000000 -0.000000  -0.000000 -0.000000 )
   freq (    5) =     3.21967082 [THz] =   107.39664292 [cm-1]
(  -0.577350  0.000000   0.577350 -0.000000  -0.577350 -0.000000 )
(   0.000000 -0.000000  -0.000000  0.000000   0.000000  0.000000 )
   freq (    6) =     3.62033062 [THz] =   120.76121344 [cm-1]
(   0.000000  0.000000  -0.000000  0.000000  -0.000000  0.000000 )
(   0.000000 -0.577350  -0.000000  0.577350   0.000000  0.577350 )
***************************************************************************
