Dynamical matrix file
File generated with the CellConstructor by Lorenzo Monacelli
2 2 0    12.4000000000000004     0.0000000000000000     0.0000000000000000     0.0000000000000000     0.0000000000000000     0.0000000000000000
Basis vectors
   -0.5000000000000000     0.0000000000000000     0.5000000000000000
    0.0000000000000000     0.5000000000000000     0.5000000000000000
   -0.5000000000000000     0.5000000000000000     0.0000000000000000
	1  'Te '  116300.2852960780001013
	2  'Sn '  108197.5459835219953675
    1     1    -0.2500000000000000    -0.2500000000000000    -0.2500000000000000
    2     2     0.2500000000000000     0.2500000000000000     0.2500000000000000

     Dynamical Matrix in cartesian axes

     q = (    0.000000000000   -1.000000000000   0.000000000000 )

    1    1
     0.0378109329769495     0.0000000000000000        0.0000000000000000     0.0000000000000000        0.0000000000000000     0.0000000000000000
    -0.0000000000000000     0.0000000000000000        0.0497910996050412     0.0000000000000000        0.0000000000000000     0.0000000000000000
     0.0000000000000000     0.0000000000000000        0.0000000000000000     0.0000000000000000        0.0378109329769495     0.0000000000000000
    1    2
     0.0094507746210520     0.0000000002754043       -0.0000000000000000     0.0000000000000000       -0.0000000000000000    -0.0000000000000000
    -0.0000000000000000     0.0000000000000000       -0.0018810544993854    -0.0000000000548157       -0.0000000000000000    -0.0000000000000000
    -0.0000000000000000    -0.0000000000000000        0.0000000000000000     0.0000000000000000        0.0094507746210520     0.0000000002754043
    2    1
     0.0094507746210520    -0.0000000002754043       -0.0000000000000000    -0.0000000000000000       -0.0000000000000000     0.0000000000000000
    -0.0000000000000000    -0.0000000000000000       -0.0018810544993854     0.0000000000548157       -0.0000000000000000     0.0000000000000000
    -0.0000000000000000     0.0000000000000000        0.0000000000000000    -0.0000000000000000        0.0094507746210520    -0.0000000002754043
    2    2
     0.0162747248666204     0.0000000000000000        0.0000000000000000     0.0000000000000000       -0.0000000000000000     0.0000000000000000
     0.0000000000000000     0.0000000000000000        0.0199833973379074     0.0000000000000000        0.0000000000000000     0.0000000000000000
    -0.0000000000000000     0.0000000000000000        0.0000000000000000     0.0000000000000000        0.0162747248666204     0.0000000000000000

     Dynamical Matrix in cartesian axes

     q = (    -1.000000000000   0.000000000000   0.000000000000 )

    1    1
     0.0497910996050412     0.0000000000000000       -0.0000000000000000     0.0000000000000000        0.0000000000000000     0.0000000000000000
     0.0000000000000000     0.0000000000000000        0.0378109329769495     0.0000000000000000       -0.0000000000000000     0.0000000000000000
     0.0000000000000000     0.0000000000000000       -0.0000000000000000     0.0000000000000000        0.0378109329769495     0.0000000000000000
    1    2
    -0.0018810544993854    -0.0000000000548157        0.0000000000000000    -0.0000000000000000        0.0000000000000000    -0.0000000000000000
    -0.0000000000000000    -0.0000000000000000        0.0094507746210520     0.0000000002754043        0.0000000000000000    -0.0000000000000000
    -0.0000000000000000    -0.0000000000000000        0.0000000000000000    -0.0000000000000000        0.0094507746210520     0.0000000002754043
    2    1
    -0.0018810544993854     0.0000000000548157        0.0000000000000000     0.0000000000000000        0.0000000000000000     0.0000000000000000
    -0.0000000000000000     0.0000000000000000        0.0094507746210520    -0.0000000002754043        0.0000000000000000     0.0000000000000000
    -0.0000000000000000     0.0000000000000000        0.0000000000000000     0.0000000000000000        0.0094507746210520    -0.0000000002754043
    2    2
     0.0199833973379074     0.0000000000000000        0.0000000000000000     0.0000000000000000        0.0000000000000000     0.0000000000000000
    -0.0000000000000000     0.0000000000000000        0.0162747248666204     0.0000000000000000        0.0000000000000000     0.0000000000000000
     0.0000000000000000     0.0000000000000000        0.0000000000000000     0.0000000000000000        0.0162747248666204     0.0000000000000000

     Dynamical Matrix in cartesian axes

     q = (    0.000000000000   0.000000000000   1.000000000000 )

    1    1
     0.0378109329769495     0.0000000000000000        0.0000000000000000     0.0000000000000000        0.0000000000000000     0.0000000000000000
     0.0000000000000000     0.0000000000000000        0.0378109329769495     0.0000000000000000        0.0000000000000000     0.0000000000000000
     0.0000000000000000     0.0000000000000000        0.0000000000000000     0.0000000000000000        0.0497910996050412     0.0000000000000000
    1    2
     0.0094507746210520     0.0000000002754043       -0.0000000000000000     0.0000000000000000        0.0000000000000000     0.0000000000000000
    -0.0000000000000000     0.0000000000000000        0.0094507746210520     0.0000000002754043       -0.0000000000000000     0.0000000000000000
     0.0000000000000000     0.0000000000000000        0.0000000000000000     0.0000000000000000       -0.0018810544993854    -0.0000000000548157
    2    1
     0.0094507746210520    -0.0000000002754043       -0.0000000000000000     0.0000000000000000        0.0000000000000000    -0.0000000000000000
    -0.0000000000000000     0.0000000000000000        0.0094507746210520    -0.0000000002754043       -0.0000000000000000    -0.0000000000000000
     0.0000000000000000    -0.0000000000000000        0.0000000000000000    -0.0000000000000000       -0.0018810544993854     0.0000000000548157
    2    2
     0.0162747248666204     0.0000000000000000       -0.0000000000000000     0.0000000000000000        0.0000000000000000     0.0000000000000000
    -0.0000000000000000     0.0000000000000000        0.0162747248666204     0.0000000000000000        0.0000000000000000     0.0000000000000000
     0.0000000000000000     0.0000000000000000        0.0000000000000000     0.0000000000000000        0.0199833973379074     0.0000000000000000

     Diagonalizing the dynamical matrix

     q = (    0.000000000000   -1.000000000000   0.000000000000 )

***************************************************************************
   freq (    1) =     1.12244615 [THz] =    37.44076795 [cm-1]
(   0.356200  0.000000   0.000000  0.000000   0.115071  0.000000 )
(  -0.882395  0.000000   0.000000 -0.000000  -0.285059 -0.000000 )
   freq (    2) =     1.12244615 [THz] =    37.44076795 [cm-1]
(   0.115071  0.000000   0.000000 -0.000000  -0.356200 -0.000000 )
(  -0.285059  0.000000  -0.000000  0.000000   0.882395  0.000000 )
   freq (    3) =     1.40943579 [THz] =    47.01371077 [cm-1]
(  -0.000000  0.000000   0.068401  0.000000   0.000000  0.000000 )
(   0.000000 -0.000000   0.997658 -0.000000  -0.000000 -0.000000 )
   freq (    4) =     1.97150349 [THz] =    65.76226834 [cm-1]
(   0.545444  0.000000  -0.000000 -0.000000  -0.749914 -0.000000 )
(   0.220181 -0.000000   0.000000  0.000000  -0.302721  0.000000 )
   freq (    5) =     1.97150349 [THz] =    65.76226834 [cm-1]
(  -0.749914  0.000000  -0.000000 -0.000000  -0.545444 -0.000000 )
(  -0.302721  0.000000   0.000000  0.000000  -0.220181  0.000000 )
   freq (    6) =     2.15547550 [THz] =    71.89891312 [cm-1]
(   0.000000  0.000000  -0.997658  0.000004   0.000000  0.000004 )
(  -0.000000  0.000000   0.068401 -0.000000   0.000000 -0.000000 )
***************************************************************************
