Dynamical matrix file
File generated with the CellConstructor by Lorenzo Monacelli
2 2 0    12.4000000000000004     0.0000000000000000     0.0000000000000000     0.0000000000000000     0.0000000000000000     0.0000000000000000
Basis vectors
   -0.5000000000000000     0.0000000000000000     0.5000000000000000
    0.0000000000000000     0.5000000000000000     0.5000000000000000
   -0.5000000000000000     0.5000000000000000     0.0000000000000000
	1  'Te '  116300.2852960780001013
	2  'Sn '  108197.5459835219953675
    1     1    -0.2500000000000000    -0.2500000000000000    -0.2500000000000000
    2     2     0.2500000000000000     0.2500000000000000     0.2500000000000000

     Dynamical Matrix in cartesian axes

     q = (    0.000000000000   0.000000000000   0.000000000000 )

    1    1
     0.0121339973898082     0.0000000000000000        0.0000000000000000     0.0000000000000000       -0.0000000000000000     0.0000000000000000
     0.0000000000000000     0.0000000000000000        0.0121339973898082     0.0000000000000000       -0.0000000000000000     0.0000000000000000
    -0.0000000000000000     0.0000000000000000        0.0000000000000000     0.0000000000000000        0.0121339973898082     0.0000000000000000
    1    2
    -0.0121339973898082     0.0000000000000000       -0.0000000000000000     0.0000000000000000        0.0000000000000000     0.0000000000000000
    -0.0000000000000000     0.0000000000000000       -0.0121339973898082     0.0000000000000000        0.0000000000000000     0.0000000000000000
     0.0000000000000000     0.0000000000000000       -0.0000000000000000     0.0000000000000000       -0.0121339973898082     0.0000000000000000
    2    1
    -0.0121339973898082     0.0000000000000000       -0.0000000000000000     0.0000000000000000        0.0000000000000000     0.0000000000000000
    -0.0000000000000000     0.0000000000000000       -0.0121339973898082     0.0000000000000000        0.0000000000000000     0.0000000000000000
     0.0000000000000000     0.0000000000000000       -0.0000000000000000     0.0000000000000000       -0.0121339973898082     0.0000000000000000
    2    2
     0.0121339973898082     0.0000000000000000        0.0000000000000000     0.0000000000000000       -0.0000000000000000     0.0000000000000000
     0.0000000000000000     0.0000000000000000        0.0121339973898082     0.0000000000000000       -0.0000000000000000     0.0000000000000000
    -0.0000000000000000     0.0000000000000000        0.0000000000000000     0.0000000000000000        0.0121339973898082     0.0000000000000000

     Diagonalizing the dynamical matrix

     q = (    0.000000000000   0.000000000000   0.000000000000 )

***************************************************************************
   freq (    1) =    -0.00000002 [THz] =    -0.00000061 [cm-1]
(   0.006591  0.000000  -0.231112  0.000000  -0.681608  0.000000 )
(   0.006357  0.000000  -0.222916  0.000000  -0.657436  0.000000 )
   freq (    2) =     0.00000000 [THz] =     0.00000007 [cm-1]
(  -0.008495  0.000000   0.681565  0.000000  -0.231179  0.000000 )
(  -0.008194  0.000000   0.657393  0.000000  -0.222981  0.000000 )
   freq (    3) =     0.00000002 [THz] =     0.00000080 [cm-1]
(   0.719674  0.000000   0.010162  0.000000   0.003513  0.000000 )
(   0.694151  0.000000   0.009802  0.000000   0.003389  0.000000 )
   freq (    4) =     1.53067928 [THz] =    51.05795750 [cm-1]
(   0.136863  0.000000  -0.506466  0.000000   0.454658  0.000000 )
(  -0.141896  0.000000   0.525088  0.000000  -0.471375  0.000000 )
   freq (    5) =     1.53067928 [THz] =    51.05795750 [cm-1]
(  -0.356924  0.000000   0.341462  0.000000   0.487814  0.000000 )
(   0.370047  0.000000  -0.354017  0.000000  -0.505750  0.000000 )
   freq (    6) =     1.53067928 [THz] =    51.05795750 [cm-1]
(  -0.579506  0.000000  -0.329923  0.000000  -0.193072  0.000000 )
(   0.600814  0.000000   0.342054  0.000000   0.200171  0.000000 )
***************************************************************************
