Dynamical matrix file
File generated with the CellConstructor by Lorenzo Monacelli
2 2 0    12.4000000000000004     0.0000000000000000     0.0000000000000000     0.0000000000000000     0.0000000000000000     0.0000000000000000
Basis vectors
   -0.5000000000000000     0.0000000000000000     0.5000000000000000
    0.0000000000000000     0.5000000000000000     0.5000000000000000
   -0.5000000000000000     0.5000000000000000     0.0000000000000000
	1  'Te '  116300.2852960780001013
	2  'Sn '  108197.5459835219953675
    1     1    -0.2500000000000000    -0.2500000000000000    -0.2500000000000000
    2     2     0.2500000000000000     0.2500000000000000     0.2500000000000000

     Dynamical Matrix in cartesian axes

     q = (    0.000000000000   -1.000000000000   0.000000000000 )

    1    1
     0.0425670398260928     0.0000000000000000        0.0000000000000000     0.0000000000000000        0.0000000000000000     0.0000000000000000
     0.0000000000000000     0.0000000000000000        0.0549285192070271     0.0000000000000000       -0.0000000000000000     0.0000000000000000
     0.0000000000000000     0.0000000000000000        0.0000000000000000     0.0000000000000000        0.0425670398260928     0.0000000000000000
    1    2
     0.0135343818474803     0.0000000003944044       -0.0000000000000000     0.0000000000000000       -0.0000000000000000     0.0000000000000000
    -0.0000000000000000    -0.0000000000000000       -0.0052268446176817    -0.0000000001523151       -0.0000000000000000     0.0000000000000000
     0.0000000000000000    -0.0000000000000000       -0.0000000000000000    -0.0000000000000000        0.0135343818474803     0.0000000003944044
    2    1
     0.0135343818474803    -0.0000000003944044       -0.0000000000000000    -0.0000000000000000       -0.0000000000000000    -0.0000000000000000
    -0.0000000000000000     0.0000000000000000       -0.0052268446176817     0.0000000001523151       -0.0000000000000000    -0.0000000000000000
     0.0000000000000000     0.0000000000000000       -0.0000000000000000     0.0000000000000000        0.0135343818474803    -0.0000000003944044
    2    2
     0.0210309467849910     0.0000000000000000        0.0000000000000000     0.0000000000000000       -0.0000000000000000     0.0000000000000000
     0.0000000000000000     0.0000000000000000        0.0240514970659812     0.0000000000000000       -0.0000000000000000     0.0000000000000000
    -0.0000000000000000     0.0000000000000000       -0.0000000000000000     0.0000000000000000        0.0210309467849910     0.0000000000000000

     Dynamical Matrix in cartesian axes

     q = (    -1.000000000000   0.000000000000   0.000000000000 )

    1    1
     0.0549285192070271     0.0000000000000000       -0.0000000000000000     0.0000000000000000        0.0000000000000000     0.0000000000000000
     0.0000000000000000     0.0000000000000000        0.0425670398260928     0.0000000000000000       -0.0000000000000000     0.0000000000000000
    -0.0000000000000000     0.0000000000000000       -0.0000000000000000     0.0000000000000000        0.0425670398260928     0.0000000000000000
    1    2
    -0.0052268446176817    -0.0000000001523151       -0.0000000000000000    -0.0000000000000000        0.0000000000000000    -0.0000000000000000
    -0.0000000000000000     0.0000000000000000        0.0135343818474803     0.0000000003944044       -0.0000000000000000    -0.0000000000000000
    -0.0000000000000000    -0.0000000000000000       -0.0000000000000000    -0.0000000000000000        0.0135343818474803     0.0000000003944044
    2    1
    -0.0052268446176817     0.0000000001523151       -0.0000000000000000     0.0000000000000000        0.0000000000000000     0.0000000000000000
    -0.0000000000000000    -0.0000000000000000        0.0135343818474803    -0.0000000003944044       -0.0000000000000000     0.0000000000000000
    -0.0000000000000000     0.0000000000000000       -0.0000000000000000     0.0000000000000000        0.0135343818474803    -0.0000000003944044
    2    2
     0.0240514970659812     0.0000000000000000       -0.0000000000000000     0.0000000000000000       -0.0000000000000000     0.0000000000000000
     0.0000000000000000     0.0000000000000000        0.0210309467849910     0.0000000000000000        0.0000000000000000     0.0000000000000000
     0.0000000000000000     0.0000000000000000        0.0000000000000000     0.0000000000000000        0.0210309467849910     0.0000000000000000

     Dynamical Matrix in cartesian axes

     q = (    0.000000000000   0.000000000000   1.000000000000 )

    1    1
     0.0425670398260928     0.0000000000000000        0.0000000000000000     0.0000000000000000        0.0000000000000000     0.0000000000000000
     0.0000000000000000     0.0000000000000000        0.0425670398260928     0.0000000000000000        0.0000000000000000     0.0000000000000000
     0.0000000000000000     0.0000000000000000       -0.0000000000000000     0.0000000000000000        0.0549285192070271     0.0000000000000000
    1    2
     0.0135343818474803     0.0000000003944044        0.0000000000000000     0.0000000000000000       -0.0000000000000000     0.0000000000000000
    -0.0000000000000000     0.0000000000000000        0.0135343818474803     0.0000000003944044        0.0000000000000000     0.0000000000000000
    -0.0000000000000000     0.0000000000000000        0.0000000000000000     0.0000000000000000       -0.0052268446176817    -0.0000000001523151
    2    1
     0.0135343818474803    -0.0000000003944044        0.0000000000000000     0.0000000000000000       -0.0000000000000000    -0.0000000000000000
    -0.0000000000000000     0.0000000000000000        0.0135343818474803    -0.0000000003944044        0.0000000000000000    -0.0000000000000000
    -0.0000000000000000     0.0000000000000000        0.0000000000000000    -0.0000000000000000       -0.0052268446176817     0.0000000001523151
    2    2
     0.0210309467849910     0.0000000000000000       -0.0000000000000000     0.0000000000000000        0.0000000000000000     0.0000000000000000
    -0.0000000000000000     0.0000000000000000        0.0210309467849910     0.0000000000000000       -0.0000000000000000     0.0000000000000000
     0.0000000000000000     0.0000000000000000        0.0000000000000000     0.0000000000000000        0.0240514970659812     0.0000000000000000

     Diagonalizing the dynamical matrix

     q = (    0.000000000000   -1.000000000000   0.000000000000 )

***************************************************************************
   freq (    1) =     1.19585909 [THz] =    39.88955997 [cm-1]
(   0.154514  0.000000   0.000000  0.000000   0.431648  0.000000 )
(  -0.299514  0.000000  -0.000000  0.000000  -0.836718  0.000000 )
   freq (    2) =     1.19585909 [THz] =    39.88955997 [cm-1]
(  -0.431648  0.000000   0.000000  0.000000   0.154514  0.000000 )
(   0.836718 -0.000000  -0.000000  0.000000  -0.299514  0.000000 )
   freq (    3) =     1.52149711 [THz] =    50.75167354 [cm-1]
(  -0.000000  0.000000   0.177454 -0.000000   0.000000 -0.000000 )
(   0.000000 -0.000000   0.984129 -0.000000  -0.000000 -0.000000 )
   freq (    4) =     2.15290747 [THz] =    71.81325283 [cm-1]
(   0.011955  0.000000  -0.000000 -0.000000   0.888629 -0.000000 )
(   0.006167 -0.000000   0.000000  0.000000   0.458429  0.000000 )
   freq (    5) =     2.15290747 [THz] =    71.81325283 [cm-1]
(   0.888629  0.000000   0.000000  0.000000  -0.011955  0.000000 )
(   0.458429 -0.000000   0.000000 -0.000000  -0.006167 -0.000000 )
   freq (    6) =     2.28093419 [THz] =    76.08376404 [cm-1]
(  -0.000000  0.000000   0.984129  0.000000   0.000000  0.000000 )
(  -0.000000  0.000000  -0.177454 -0.000000   0.000000 -0.000000 )
***************************************************************************
