Dynamical matrix file
File generated with the CellConstructor by Lorenzo Monacelli
2 2 0    12.4000000000000004     0.0000000000000000     0.0000000000000000     0.0000000000000000     0.0000000000000000     0.0000000000000000
Basis vectors
   -0.5000000000000000     0.0000000000000000     0.5000000000000000
    0.0000000000000000     0.5000000000000000     0.5000000000000000
   -0.5000000000000000     0.5000000000000000     0.0000000000000000
	1  'Te '  116300.2852960780001013
	2  'Sn '  108197.5459835219953675
    1     1    -0.2500000000000000    -0.2500000000000000    -0.2500000000000000
    2     2     0.2500000000000000     0.2500000000000000     0.2500000000000000

     Dynamical Matrix in cartesian axes

     q = (    0.000000000000   0.000000000000   0.000000000000 )

    1    1
     0.0145191728440043     0.0000000000000000       -0.0000000000000000     0.0000000000000000       -0.0000000000000000     0.0000000000000000
     0.0000000000000000     0.0000000000000000        0.0145191728440043     0.0000000000000000       -0.0000000000000000     0.0000000000000000
    -0.0000000000000000     0.0000000000000000       -0.0000000000000000     0.0000000000000000        0.0145191728440043     0.0000000000000000
    1    2
    -0.0145191728440043     0.0000000000000000        0.0000000000000000     0.0000000000000000        0.0000000000000000     0.0000000000000000
    -0.0000000000000000     0.0000000000000000       -0.0145191728440043     0.0000000000000000        0.0000000000000000     0.0000000000000000
     0.0000000000000000     0.0000000000000000        0.0000000000000000     0.0000000000000000       -0.0145191728440043     0.0000000000000000
    2    1
    -0.0145191728440043     0.0000000000000000        0.0000000000000000     0.0000000000000000        0.0000000000000000     0.0000000000000000
    -0.0000000000000000     0.0000000000000000       -0.0145191728440043     0.0000000000000000        0.0000000000000000     0.0000000000000000
     0.0000000000000000     0.0000000000000000        0.0000000000000000     0.0000000000000000       -0.0145191728440043     0.0000000000000000
    2    2
     0.0145191728440043     0.0000000000000000       -0.0000000000000000     0.0000000000000000       -0.0000000000000000     0.0000000000000000
     0.0000000000000000     0.0000000000000000        0.0145191728440043     0.0000000000000000       -0.0000000000000000     0.0000000000000000
    -0.0000000000000000     0.0000000000000000       -0.0000000000000000     0.0000000000000000        0.0145191728440043     0.0000000000000000

     Diagonalizing the dynamical matrix

     q = (    0.000000000000   0.000000000000   0.000000000000 )

***************************************************************************
   freq (    1) =    -0.00000003 [THz] =    -0.00000089 [cm-1]
(  -0.081179  0.000000   0.715162  0.000000   0.000000  0.000000 )
(  -0.078300  0.000000   0.689799  0.000000   0.000000  0.000000 )
   freq (    2) =     0.00000001 [THz] =     0.00000028 [cm-1]
(   0.000000  0.000000   0.000000  0.000000  -0.719754  0.000000 )
(  -0.000000  0.000000   0.000000  0.000000  -0.694229  0.000000 )
   freq (    3) =     0.00000001 [THz] =     0.00000038 [cm-1]
(  -0.715162  0.000000  -0.081179  0.000000  -0.000000  0.000000 )
(  -0.689799  0.000000  -0.078300  0.000000   0.000000  0.000000 )
   freq (    4) =     1.67437678 [THz] =    55.85118945 [cm-1]
(  -0.000000  0.000000   0.557184  0.000000   0.414125  0.000000 )
(   0.000000  0.000000  -0.577671  0.000000  -0.429352  0.000000 )
   freq (    5) =     1.67437678 [THz] =    55.85118945 [cm-1]
(  -0.490894  0.000000   0.292831  0.000000  -0.393989  0.000000 )
(   0.508943  0.000000  -0.303597  0.000000   0.408475  0.000000 )
   freq (    6) =     1.67437678 [THz] =    55.85118945 [cm-1]
(   0.490894  0.000000   0.292831  0.000000  -0.393989  0.000000 )
(  -0.508943  0.000000  -0.303597  0.000000   0.408475  0.000000 )
***************************************************************************
