Dynamical matrix file
File generated with the CellConstructor by Lorenzo Monacelli
2 2 0    12.4000000000000004     0.0000000000000000     0.0000000000000000     0.0000000000000000     0.0000000000000000     0.0000000000000000
Basis vectors
   -0.5000000000000000     0.0000000000000000     0.5000000000000000
    0.0000000000000000     0.5000000000000000     0.5000000000000000
   -0.5000000000000000     0.5000000000000000     0.0000000000000000
	1  'Te '  116300.2852960780001013
	2  'Sn '  108197.5459835219953675
    1     1    -0.2500000000000000    -0.2500000000000000    -0.2500000000000000
    2     2     0.2500000000000000     0.2500000000000000     0.2500000000000000

     Dynamical Matrix in cartesian axes

     q = (    0.000000000000   0.000000000000   0.000000000000 )

    1    1
     0.0041790764427013     0.0000000000000000        0.0000000000000000     0.0000000000000000       -0.0000000000000000     0.0000000000000000
     0.0000000000000000     0.0000000000000000        0.0041790764427013     0.0000000000000000        0.0000000000000000     0.0000000000000000
    -0.0000000000000000     0.0000000000000000        0.0000000000000000     0.0000000000000000        0.0041790764427013     0.0000000000000000
    1    2
    -0.0041790764427013     0.0000000000000000        0.0000000000000000     0.0000000000000000        0.0000000000000000     0.0000000000000000
     0.0000000000000000     0.0000000000000000       -0.0041790764427013     0.0000000000000000       -0.0000000000000000     0.0000000000000000
     0.0000000000000000     0.0000000000000000       -0.0000000000000000     0.0000000000000000       -0.0041790764427013     0.0000000000000000
    2    1
    -0.0041790764427013     0.0000000000000000        0.0000000000000000     0.0000000000000000        0.0000000000000000     0.0000000000000000
     0.0000000000000000     0.0000000000000000       -0.0041790764427013     0.0000000000000000       -0.0000000000000000     0.0000000000000000
     0.0000000000000000     0.0000000000000000       -0.0000000000000000     0.0000000000000000       -0.0041790764427013     0.0000000000000000
    2    2
     0.0041790764427013     0.0000000000000000        0.0000000000000000     0.0000000000000000       -0.0000000000000000     0.0000000000000000
     0.0000000000000000     0.0000000000000000        0.0041790764427013     0.0000000000000000        0.0000000000000000     0.0000000000000000
    -0.0000000000000000     0.0000000000000000        0.0000000000000000     0.0000000000000000        0.0041790764427013     0.0000000000000000

     Diagonalizing the dynamical matrix

     q = (    0.000000000000   0.000000000000   0.000000000000 )

***************************************************************************
   freq (    1) =    -0.00000000 [THz] =    -0.00000016 [cm-1]
(  -0.250299  0.000000  -0.666393  0.000000  -0.106380  0.000000 )
(  -0.241423  0.000000  -0.642760  0.000000  -0.102607  0.000000 )
   freq (    2) =     0.00000000 [THz] =     0.00000016 [cm-1]
(  -0.589174  0.000000   0.271120  0.000000  -0.312113  0.000000 )
(  -0.568280  0.000000   0.261505  0.000000  -0.301044  0.000000 )
   freq (    3) =     0.00000001 [THz] =     0.00000028 [cm-1]
(  -0.329045  0.000000   0.021459  0.000000   0.639778  0.000000 )
(  -0.317375  0.000000   0.020698  0.000000   0.617088  0.000000 )
   freq (    4) =     0.89830209 [THz] =    29.96412820 [cm-1]
(   0.138223  0.000000  -0.267354  0.000000   0.625596  0.000000 )
(  -0.143305  0.000000   0.277184  0.000000  -0.648598  0.000000 )
   freq (    5) =     0.89830209 [THz] =    29.96412820 [cm-1]
(  -0.680329  0.000000  -0.054318  0.000000   0.127103  0.000000 )
(   0.705344  0.000000   0.056316  0.000000  -0.131776  0.000000 )
   freq (    6) =     0.89830209 [THz] =    29.96412820 [cm-1]
(   0.000000  0.000000  -0.638377  0.000000  -0.272816  0.000000 )
(   0.000000  0.000000   0.661849  0.000000   0.282847  0.000000 )
***************************************************************************
