Dynamical matrix file
File generated with the CellConstructor by Lorenzo Monacelli
2 2 0    12.4000000000000004     0.0000000000000000     0.0000000000000000     0.0000000000000000     0.0000000000000000     0.0000000000000000
Basis vectors
   -0.5000000000000000     0.0000000000000000     0.5000000000000000
    0.0000000000000000     0.5000000000000000     0.5000000000000000
   -0.5000000000000000     0.5000000000000000     0.0000000000000000
	1  'Te '  116300.2852960780001013
	2  'Sn '  108197.5459835219953675
    1     1    -0.2500000000000000    -0.2500000000000000    -0.2500000000000000
    2     2     0.2500000000000000     0.2500000000000000     0.2500000000000000

     Dynamical Matrix in cartesian axes

     q = (    0.000000000000   0.000000000000   0.000000000000 )

    1    1
    -0.0015906496177111     0.0000000000000000       -0.0000000000000000     0.0000000000000000       -0.0000000000000000     0.0000000000000000
    -0.0000000000000000     0.0000000000000000       -0.0015906496177111     0.0000000000000000       -0.0000000000000000     0.0000000000000000
    -0.0000000000000000     0.0000000000000000       -0.0000000000000000     0.0000000000000000       -0.0015906496177111     0.0000000000000000
    1    2
     0.0015906496177111     0.0000000000000000        0.0000000000000000     0.0000000000000000        0.0000000000000000     0.0000000000000000
     0.0000000000000000     0.0000000000000000        0.0015906496177111     0.0000000000000000        0.0000000000000000     0.0000000000000000
     0.0000000000000000     0.0000000000000000        0.0000000000000000     0.0000000000000000        0.0015906496177111     0.0000000000000000
    2    1
     0.0015906496177111     0.0000000000000000        0.0000000000000000     0.0000000000000000        0.0000000000000000     0.0000000000000000
     0.0000000000000000     0.0000000000000000        0.0015906496177111     0.0000000000000000        0.0000000000000000     0.0000000000000000
     0.0000000000000000     0.0000000000000000        0.0000000000000000     0.0000000000000000        0.0015906496177111     0.0000000000000000
    2    2
    -0.0015906496177111     0.0000000000000000       -0.0000000000000000     0.0000000000000000       -0.0000000000000000     0.0000000000000000
    -0.0000000000000000     0.0000000000000000       -0.0015906496177110     0.0000000000000000       -0.0000000000000000     0.0000000000000000
    -0.0000000000000000     0.0000000000000000       -0.0000000000000000     0.0000000000000000       -0.0015906496177111     0.0000000000000000

     Diagonalizing the dynamical matrix

     q = (    0.000000000000   0.000000000000   0.000000000000 )

***************************************************************************
   freq (    1) =    -0.55420382 [THz] =   -18.48624701 [cm-1]
(   0.409968  0.000000   0.547541  0.000000   0.118658  0.000000 )
(  -0.425041  0.000000  -0.567673  0.000000  -0.123020  0.000000 )
   freq (    2) =    -0.55420382 [THz] =   -18.48624701 [cm-1]
(   0.468958  0.000000  -0.415825  0.000000   0.298533  0.000000 )
(  -0.486201  0.000000   0.431114  0.000000  -0.309510  0.000000 )
   freq (    3) =    -0.55420382 [THz] =   -18.48624701 [cm-1]
(  -0.306527  0.000000   0.096140  0.000000   0.615428  0.000000 )
(   0.317797  0.000000  -0.099675  0.000000  -0.638057  0.000000 )
   freq (    4) =     0.00000000 [THz] =     0.00000007 [cm-1]
(   0.073240  0.000000  -0.715399  0.000000   0.029782  0.000000 )
(   0.070643  0.000000  -0.690028  0.000000   0.028726  0.000000 )
   freq (    5) =     0.00000001 [THz] =     0.00000028 [cm-1]
(   0.716017  0.000000   0.073115  0.000000  -0.004524  0.000000 )
(   0.690624  0.000000   0.070522  0.000000  -0.004364  0.000000 )
   freq (    6) =     0.00000003 [THz] =     0.00000087 [cm-1]
(   0.001472  0.000000   0.030088  0.000000   0.719124  0.000000 )
(   0.001419  0.000000   0.029021  0.000000   0.693621  0.000000 )
***************************************************************************
