Dynamical matrix file
File generated with the CellConstructor by Lorenzo Monacelli
2 2 0    12.4000000000000004     0.0000000000000000     0.0000000000000000     0.0000000000000000     0.0000000000000000     0.0000000000000000
Basis vectors
   -0.5000000000000000     0.0000000000000000     0.5000000000000000
    0.0000000000000000     0.5000000000000000     0.5000000000000000
   -0.5000000000000000     0.5000000000000000     0.0000000000000000
	1  'Te '  116300.2852960780001013
	2  'Sn '  108197.5459835219953675
    1     1    -0.2500000000000000    -0.2500000000000000    -0.2500000000000000
    2     2     0.2500000000000000     0.2500000000000000     0.2500000000000000

     Dynamical Matrix in cartesian axes

     q = (    0.000000000000   -1.000000000000   0.000000000000 )

    1    1
     0.0266846230550944    -0.0000000000000000       -0.0000000000000000    -0.0000000000000000       -0.0000000000000000    -0.0000000000000000
    -0.0000000000000000     0.0000000000000000        0.0385248371199902    -0.0000000000000000       -0.0000000000000000     0.0000000000000000
    -0.0000000000000000     0.0000000000000000       -0.0000000000000000    -0.0000000000000000        0.0266846230550944    -0.0000000000000000
    1    2
    -0.0004951001240172     0.0000000000408120        0.0000000000000000    -0.0000000000000000       -0.0000000000000000     0.0000000000000000
    -0.0000000000000000     0.0000000000000000        0.0074399818815594     0.0000000001610303        0.0000000000000000    -0.0000000000000000
    -0.0000000000000000     0.0000000000000000        0.0000000000000000    -0.0000000000000000       -0.0004951001240172     0.0000000000408120
    2    1
    -0.0004951001240172    -0.0000000000408120       -0.0000000000000000    -0.0000000000000000       -0.0000000000000000    -0.0000000000000000
     0.0000000000000000     0.0000000000000000        0.0074399818815594    -0.0000000001610303        0.0000000000000000     0.0000000000000000
    -0.0000000000000000    -0.0000000000000000        0.0000000000000000     0.0000000000000000       -0.0004951001240172    -0.0000000000408120
    2    2
     0.0048929850309967     0.0000000000000000       -0.0000000000000000     0.0000000000000000       -0.0000000000000000     0.0000000000000000
    -0.0000000000000000    -0.0000000000000000        0.0077002270901317    -0.0000000000000000       -0.0000000000000000     0.0000000000000000
    -0.0000000000000000    -0.0000000000000000       -0.0000000000000000    -0.0000000000000000        0.0048929850309967    -0.0000000000000000

     Dynamical Matrix in cartesian axes

     q = (    -1.000000000000   0.000000000000   0.000000000000 )

    1    1
     0.0385248371199902    -0.0000000000000000       -0.0000000000000000     0.0000000000000000       -0.0000000000000000     0.0000000000000000
    -0.0000000000000000    -0.0000000000000000        0.0266846230550944    -0.0000000000000000       -0.0000000000000000     0.0000000000000000
    -0.0000000000000000    -0.0000000000000000       -0.0000000000000000    -0.0000000000000000        0.0266846230550944     0.0000000000000000
    1    2
     0.0074399818815594     0.0000000001610303       -0.0000000000000000     0.0000000000000000       -0.0000000000000000     0.0000000000000000
     0.0000000000000000    -0.0000000000000000       -0.0004951001240172     0.0000000000408120       -0.0000000000000000     0.0000000000000000
    -0.0000000000000000     0.0000000000000000       -0.0000000000000000     0.0000000000000000       -0.0004951001240172     0.0000000000408120
    2    1
     0.0074399818815594    -0.0000000001610303        0.0000000000000000     0.0000000000000000       -0.0000000000000000    -0.0000000000000000
    -0.0000000000000000    -0.0000000000000000       -0.0004951001240172    -0.0000000000408120       -0.0000000000000000    -0.0000000000000000
    -0.0000000000000000    -0.0000000000000000       -0.0000000000000000    -0.0000000000000000       -0.0004951001240172    -0.0000000000408120
    2    2
     0.0077002270901317     0.0000000000000000       -0.0000000000000000    -0.0000000000000000       -0.0000000000000000    -0.0000000000000000
    -0.0000000000000000     0.0000000000000000        0.0048929850309967    -0.0000000000000000       -0.0000000000000000     0.0000000000000000
    -0.0000000000000000     0.0000000000000000       -0.0000000000000000    -0.0000000000000000        0.0048929850309967     0.0000000000000000

     Dynamical Matrix in cartesian axes

     q = (    0.000000000000   0.000000000000   1.000000000000 )

    1    1
     0.0266846230550944    -0.0000000000000000       -0.0000000000000000     0.0000000000000000       -0.0000000000000000     0.0000000000000000
    -0.0000000000000000    -0.0000000000000000        0.0266846230550944     0.0000000000000000       -0.0000000000000000     0.0000000000000000
    -0.0000000000000000    -0.0000000000000000       -0.0000000000000000    -0.0000000000000000        0.0385248371199902     0.0000000000000000
    1    2
    -0.0004951001240172     0.0000000000408120       -0.0000000000000000    -0.0000000000000000       -0.0000000000000000    -0.0000000000000000
    -0.0000000000000000    -0.0000000000000000       -0.0004951001240172     0.0000000000408120       -0.0000000000000000    -0.0000000000000000
     0.0000000000000000     0.0000000000000000       -0.0000000000000000    -0.0000000000000000        0.0074399818815594     0.0000000001610303
    2    1
    -0.0004951001240172    -0.0000000000408120       -0.0000000000000000     0.0000000000000000        0.0000000000000000    -0.0000000000000000
    -0.0000000000000000     0.0000000000000000       -0.0004951001240172    -0.0000000000408120       -0.0000000000000000     0.0000000000000000
    -0.0000000000000000     0.0000000000000000        0.0000000000000000    -0.0000000000000000        0.0074399818815594    -0.0000000001610303
    2    2
     0.0048929850309967    -0.0000000000000000        0.0000000000000000     0.0000000000000000       -0.0000000000000000     0.0000000000000000
     0.0000000000000000    -0.0000000000000000        0.0048929850309967    -0.0000000000000000       -0.0000000000000000    -0.0000000000000000
    -0.0000000000000000    -0.0000000000000000       -0.0000000000000000     0.0000000000000000        0.0077002270901317    -0.0000000000000000

     Diagonalizing the dynamical matrix

     q = (    0.000000000000   -1.000000000000   0.000000000000 )

***************************************************************************
   freq (    1) =     0.69878805 [THz] =    23.30905705 [cm-1]
(  -0.000405  0.000000   0.000000 -0.000000  -0.023934 -0.000000 )
(  -0.016901 -0.000000  -0.000000  0.000000  -0.999571  0.000000 )
   freq (    2) =     0.69878805 [THz] =    23.30905705 [cm-1]
(   0.023934  0.000000  -0.000000  0.000000  -0.000405  0.000000 )
(   0.999571  0.000000  -0.000000 -0.000000  -0.016901 -0.000000 )
   freq (    3) =     0.77315796 [THz] =    25.78976996 [cm-1]
(  -0.000000  0.000000  -0.233636  0.000000   0.000000  0.000000 )
(   0.000000 -0.000000   0.972324 -0.000000  -0.000000 -0.000000 )
   freq (    4) =     1.57621484 [THz] =    52.57686032 [cm-1]
(   0.127293  0.000000   0.000000 -0.000000   0.991576 -0.000000 )
(  -0.003048 -0.000000   0.000000  0.000000  -0.023743  0.000000 )
   freq (    5) =     1.57621484 [THz] =    52.57686032 [cm-1]
(   0.991576 -0.000000   0.000000 -0.000000  -0.127293 -0.000000 )
(  -0.023743 -0.000000  -0.000000  0.000000   0.003048  0.000000 )
   freq (    6) =     1.93846908 [THz] =    64.66035936 [cm-1]
(  -0.000000  0.000000   0.972324 -0.000000  -0.000000 -0.000000 )
(   0.000000  0.000000   0.233636 -0.000000   0.000000 -0.000000 )
***************************************************************************
