Dynamical matrix file
File generated with the CellConstructor by Lorenzo Monacelli
2 2 0    12.4000000000000004     0.0000000000000000     0.0000000000000000     0.0000000000000000     0.0000000000000000     0.0000000000000000
Basis vectors
   -0.5000000000000000     0.0000000000000000     0.5000000000000000
    0.0000000000000000     0.5000000000000000     0.5000000000000000
   -0.5000000000000000     0.5000000000000000     0.0000000000000000
	1  'Te '  116300.2852960780001013
	2  'Sn '  108197.5459835219953675
    1     1    -0.2500000000000000    -0.2500000000000000    -0.2500000000000000
    2     2     0.2500000000000000     0.2500000000000000     0.2500000000000000

     Dynamical Matrix in cartesian axes

     q = (    0.500000000000   -0.500000000000   0.500000000000 )

    1    1
     0.0379748970460935    -0.0000000000000000       -0.0047256755039840     0.0000000000000000        0.0047256755039840    -0.0000000000000000
    -0.0047256755039840    -0.0000000000000000        0.0379748970460934     0.0000000000000000       -0.0047256755039840     0.0000000000000000
     0.0047256755039840     0.0000000000000000       -0.0047256755039840     0.0000000000000000        0.0379748970460936    -0.0000000000000000
    1    2
     0.0000000000000000    -0.0000000000000000        0.0000000000000000     0.0000000000000000       -0.0000000000000000    -0.0000000000000000
    -0.0000000000000000    -0.0000000000000000        0.0000000000000000     0.0000000000000000       -0.0000000000000000    -0.0000000000000000
    -0.0000000000000000    -0.0000000000000000       -0.0000000000000000    -0.0000000000000000        0.0000000000000000    -0.0000000000000000
    2    1
     0.0000000000000000     0.0000000000000000       -0.0000000000000000     0.0000000000000000       -0.0000000000000000     0.0000000000000000
     0.0000000000000000    -0.0000000000000000        0.0000000000000000    -0.0000000000000000       -0.0000000000000000     0.0000000000000000
    -0.0000000000000000     0.0000000000000000       -0.0000000000000000     0.0000000000000000        0.0000000000000000     0.0000000000000000
    2    2
     0.0383992028178662    -0.0000000000000000       -0.0239019695470011     0.0000000000000000        0.0239019695470011     0.0000000000000000
    -0.0239019695470011    -0.0000000000000000        0.0383992028178661    -0.0000000000000000       -0.0239019695470011    -0.0000000000000000
     0.0239019695470011     0.0000000000000000       -0.0239019695470011     0.0000000000000000        0.0383992028178662    -0.0000000000000000

     Dynamical Matrix in cartesian axes

     q = (    0.500000000000   0.500000000000   -0.500000000000 )

    1    1
     0.0379748970460935     0.0000000000000000        0.0047256755039840     0.0000000000000000       -0.0047256755039840    -0.0000000000000000
     0.0047256755039840     0.0000000000000000        0.0379748970460934    -0.0000000000000000       -0.0047256755039840     0.0000000000000000
    -0.0047256755039840    -0.0000000000000000       -0.0047256755039840     0.0000000000000000        0.0379748970460936     0.0000000000000000
    1    2
     0.0000000000000000    -0.0000000000000000        0.0000000000000000     0.0000000000000000       -0.0000000000000000    -0.0000000000000000
     0.0000000000000000     0.0000000000000000       -0.0000000000000000     0.0000000000000000        0.0000000000000000     0.0000000000000000
     0.0000000000000000    -0.0000000000000000        0.0000000000000000     0.0000000000000000       -0.0000000000000000     0.0000000000000000
    2    1
     0.0000000000000000     0.0000000000000000        0.0000000000000000    -0.0000000000000000        0.0000000000000000     0.0000000000000000
     0.0000000000000000    -0.0000000000000000       -0.0000000000000000    -0.0000000000000000        0.0000000000000000    -0.0000000000000000
    -0.0000000000000000     0.0000000000000000        0.0000000000000000    -0.0000000000000000       -0.0000000000000000    -0.0000000000000000
    2    2
     0.0383992028178662     0.0000000000000000        0.0239019695470011    -0.0000000000000000       -0.0239019695470011    -0.0000000000000000
     0.0239019695470011    -0.0000000000000000        0.0383992028178661    -0.0000000000000000       -0.0239019695470011     0.0000000000000000
    -0.0239019695470011    -0.0000000000000000       -0.0239019695470011    -0.0000000000000000        0.0383992028178662     0.0000000000000000

     Dynamical Matrix in cartesian axes

     q = (    -0.500000000000   -0.500000000000   -0.500000000000 )

    1    1
     0.0379748970460936     0.0000000000000000        0.0047256755039840    -0.0000000000000000        0.0047256755039840    -0.0000000000000000
     0.0047256755039840    -0.0000000000000000        0.0379748970460934    -0.0000000000000000        0.0047256755039840     0.0000000000000000
     0.0047256755039840     0.0000000000000000        0.0047256755039840    -0.0000000000000000        0.0379748970460937    -0.0000000000000000
    1    2
    -0.0000000000000000     0.0000000000000000       -0.0000000000000000     0.0000000000000000        0.0000000000000000    -0.0000000000000000
    -0.0000000000000000     0.0000000000000000        0.0000000000000000    -0.0000000000000000       -0.0000000000000000     0.0000000000000000
     0.0000000000000000    -0.0000000000000000        0.0000000000000000    -0.0000000000000000       -0.0000000000000000    -0.0000000000000000
    2    1
    -0.0000000000000000    -0.0000000000000000       -0.0000000000000000    -0.0000000000000000        0.0000000000000000     0.0000000000000000
    -0.0000000000000000    -0.0000000000000000        0.0000000000000000     0.0000000000000000        0.0000000000000000     0.0000000000000000
     0.0000000000000000     0.0000000000000000       -0.0000000000000000    -0.0000000000000000       -0.0000000000000000     0.0000000000000000
    2    2
     0.0383992028178662     0.0000000000000000        0.0239019695470011     0.0000000000000000        0.0239019695470011     0.0000000000000000
     0.0239019695470011    -0.0000000000000000        0.0383992028178661     0.0000000000000000        0.0239019695470011     0.0000000000000000
     0.0239019695470011    -0.0000000000000000        0.0239019695470011    -0.0000000000000000        0.0383992028178662     0.0000000000000000

     Dynamical Matrix in cartesian axes

     q = (    0.500000000000   -0.500000000000   -0.500000000000 )

    1    1
     0.0379748970460935     0.0000000000000000       -0.0047256755039840     0.0000000000000000       -0.0047256755039840     0.0000000000000000
    -0.0047256755039839    -0.0000000000000000        0.0379748970460935     0.0000000000000000        0.0047256755039840     0.0000000000000000
    -0.0047256755039840    -0.0000000000000000        0.0047256755039840    -0.0000000000000000        0.0379748970460936    -0.0000000000000000
    1    2
    -0.0000000000000000     0.0000000000000000       -0.0000000000000000    -0.0000000000000000        0.0000000000000000     0.0000000000000000
    -0.0000000000000000     0.0000000000000000       -0.0000000000000000    -0.0000000000000000        0.0000000000000000    -0.0000000000000000
     0.0000000000000000     0.0000000000000000       -0.0000000000000000     0.0000000000000000        0.0000000000000000    -0.0000000000000000
    2    1
    -0.0000000000000000    -0.0000000000000000       -0.0000000000000000    -0.0000000000000000        0.0000000000000000    -0.0000000000000000
    -0.0000000000000000     0.0000000000000000       -0.0000000000000000     0.0000000000000000       -0.0000000000000000    -0.0000000000000000
     0.0000000000000000    -0.0000000000000000        0.0000000000000000     0.0000000000000000        0.0000000000000000     0.0000000000000000
    2    2
     0.0383992028178662     0.0000000000000000       -0.0239019695470011    -0.0000000000000000       -0.0239019695470011     0.0000000000000000
    -0.0239019695470011     0.0000000000000000        0.0383992028178661    -0.0000000000000000        0.0239019695470011    -0.0000000000000000
    -0.0239019695470011    -0.0000000000000000        0.0239019695470011     0.0000000000000000        0.0383992028178663     0.0000000000000000

     Diagonalizing the dynamical matrix

     q = (    0.500000000000   -0.500000000000   0.500000000000 )

***************************************************************************
   freq (    1) =     1.20422914 [THz] =    40.16875465 [cm-1]
(  -0.000000  0.000000  -0.000000 -0.000000  -0.000000 -0.000000 )
(   0.470641  0.015518   0.812691  0.026069   0.342050  0.026069 )
   freq (    2) =     1.20422914 [THz] =    40.16875465 [cm-1]
(  -0.000000  0.000000   0.000000  0.000000   0.000000  0.000000 )
(   0.666691  0.021096  -0.074275 -0.001837  -0.740967 -0.001837 )
   freq (    3) =     1.75903964 [THz] =    58.67523804 [cm-1]
(  -0.467894  0.000000  -0.813435 -0.000000  -0.345541 -0.000000 )
(  -0.000000 -0.000000  -0.000000  0.000000  -0.000000  0.000000 )
   freq (    4) =     1.75903964 [THz] =    58.67523804 [cm-1]
(   0.669135  0.000000  -0.070640 -0.000000  -0.739776 -0.000000 )
(   0.000000 -0.000000   0.000000  0.000000  -0.000000  0.000000 )
   freq (    5) =     2.10084624 [THz] =    70.07667763 [cm-1]
(  -0.577350  0.000000   0.577350  0.000000  -0.577350  0.000000 )
(   0.000000 -0.000000  -0.000000 -0.000000   0.000000 -0.000000 )
   freq (    6) =     2.93648723 [THz] =    97.95065660 [cm-1]
(   0.000000  0.000000  -0.000000 -0.000000   0.000000 -0.000000 )
(   0.575185  0.049960  -0.575185 -0.049960   0.575185 -0.049960 )
***************************************************************************
