Dynamical matrix file
File generated with the CellConstructor by Lorenzo Monacelli
2 2 0    12.4000000000000004     0.0000000000000000     0.0000000000000000     0.0000000000000000     0.0000000000000000     0.0000000000000000
Basis vectors
   -0.5000000000000000     0.0000000000000000     0.5000000000000000
    0.0000000000000000     0.5000000000000000     0.5000000000000000
   -0.5000000000000000     0.5000000000000000     0.0000000000000000
	1  'Te '  116300.2852960780001013
	2  'Sn '  108197.5459835219953675
    1     1    -0.2500000000000000    -0.2500000000000000    -0.2500000000000000
    2     2     0.2500000000000000     0.2500000000000000     0.2500000000000000

     Dynamical Matrix in cartesian axes

     q = (    0.500000000000   -0.500000000000   0.500000000000 )

    1    1
     0.0353774870792374    -0.0000000000000000       -0.0056081450269055    -0.0000000000000000        0.0056081450269055     0.0000000000000000
    -0.0056081450269055     0.0000000000000000        0.0353774870792376     0.0000000000000000       -0.0056081450269055    -0.0000000000000000
     0.0056081450269055    -0.0000000000000000       -0.0056081450269055     0.0000000000000000        0.0353774870792376     0.0000000000000000
    1    2
     0.0000000000000000    -0.0000000000000000       -0.0000000000000000    -0.0000000000000000        0.0000000000000000     0.0000000000000000
     0.0000000000000000     0.0000000000000000       -0.0000000000000000     0.0000000000000000        0.0000000000000000    -0.0000000000000000
    -0.0000000000000000    -0.0000000000000000        0.0000000000000000     0.0000000000000000        0.0000000000000000    -0.0000000000000000
    2    1
     0.0000000000000000     0.0000000000000000        0.0000000000000000    -0.0000000000000000       -0.0000000000000000     0.0000000000000000
    -0.0000000000000000     0.0000000000000000       -0.0000000000000000    -0.0000000000000000        0.0000000000000000    -0.0000000000000000
     0.0000000000000000    -0.0000000000000000        0.0000000000000000     0.0000000000000000        0.0000000000000000     0.0000000000000000
    2    2
     0.0361890969072659    -0.0000000000000000       -0.0235705094437749     0.0000000000000000        0.0235705094437749     0.0000000000000000
    -0.0235705094437749    -0.0000000000000000        0.0361890969072659    -0.0000000000000000       -0.0235705094437749     0.0000000000000000
     0.0235705094437749    -0.0000000000000000       -0.0235705094437749    -0.0000000000000000        0.0361890969072660     0.0000000000000000

     Dynamical Matrix in cartesian axes

     q = (    0.500000000000   0.500000000000   -0.500000000000 )

    1    1
     0.0353774870792375     0.0000000000000000        0.0056081450269055     0.0000000000000000       -0.0056081450269055     0.0000000000000000
     0.0056081450269055    -0.0000000000000000        0.0353774870792375    -0.0000000000000000       -0.0056081450269055     0.0000000000000000
    -0.0056081450269055    -0.0000000000000000       -0.0056081450269055    -0.0000000000000000        0.0353774870792376    -0.0000000000000000
    1    2
     0.0000000000000000    -0.0000000000000000        0.0000000000000000     0.0000000000000000       -0.0000000000000000    -0.0000000000000000
     0.0000000000000000     0.0000000000000000        0.0000000000000000     0.0000000000000000       -0.0000000000000000    -0.0000000000000000
    -0.0000000000000000    -0.0000000000000000       -0.0000000000000000    -0.0000000000000000       -0.0000000000000000     0.0000000000000000
    2    1
     0.0000000000000000     0.0000000000000000        0.0000000000000000    -0.0000000000000000       -0.0000000000000000     0.0000000000000000
     0.0000000000000000    -0.0000000000000000        0.0000000000000000    -0.0000000000000000       -0.0000000000000000     0.0000000000000000
    -0.0000000000000000     0.0000000000000000       -0.0000000000000000     0.0000000000000000       -0.0000000000000000    -0.0000000000000000
    2    2
     0.0361890969072659     0.0000000000000000        0.0235705094437749    -0.0000000000000000       -0.0235705094437749    -0.0000000000000000
     0.0235705094437749     0.0000000000000000        0.0361890969072659    -0.0000000000000000       -0.0235705094437749    -0.0000000000000000
    -0.0235705094437749    -0.0000000000000000       -0.0235705094437749     0.0000000000000000        0.0361890969072660    -0.0000000000000000

     Dynamical Matrix in cartesian axes

     q = (    -0.500000000000   -0.500000000000   -0.500000000000 )

    1    1
     0.0353774870792374     0.0000000000000000        0.0056081450269055     0.0000000000000000        0.0056081450269055    -0.0000000000000000
     0.0056081450269055     0.0000000000000000        0.0353774870792376     0.0000000000000000        0.0056081450269055     0.0000000000000000
     0.0056081450269055     0.0000000000000000        0.0056081450269055     0.0000000000000000        0.0353774870792376     0.0000000000000000
    1    2
    -0.0000000000000000     0.0000000000000000       -0.0000000000000000     0.0000000000000000       -0.0000000000000000     0.0000000000000000
    -0.0000000000000000     0.0000000000000000       -0.0000000000000000    -0.0000000000000000        0.0000000000000000    -0.0000000000000000
     0.0000000000000000    -0.0000000000000000       -0.0000000000000000     0.0000000000000000       -0.0000000000000000    -0.0000000000000000
    2    1
    -0.0000000000000000    -0.0000000000000000       -0.0000000000000000    -0.0000000000000000        0.0000000000000000     0.0000000000000000
    -0.0000000000000000    -0.0000000000000000       -0.0000000000000000     0.0000000000000000       -0.0000000000000000    -0.0000000000000000
    -0.0000000000000000    -0.0000000000000000        0.0000000000000000     0.0000000000000000       -0.0000000000000000     0.0000000000000000
    2    2
     0.0361890969072659    -0.0000000000000000        0.0235705094437749     0.0000000000000000        0.0235705094437749    -0.0000000000000000
     0.0235705094437749    -0.0000000000000000        0.0361890969072660    -0.0000000000000000        0.0235705094437749    -0.0000000000000000
     0.0235705094437749     0.0000000000000000        0.0235705094437749     0.0000000000000000        0.0361890969072660    -0.0000000000000000

     Dynamical Matrix in cartesian axes

     q = (    0.500000000000   -0.500000000000   -0.500000000000 )

    1    1
     0.0353774870792374    -0.0000000000000000       -0.0056081450269055     0.0000000000000000       -0.0056081450269055     0.0000000000000000
    -0.0056081450269055    -0.0000000000000000        0.0353774870792375    -0.0000000000000000        0.0056081450269055    -0.0000000000000000
    -0.0056081450269055    -0.0000000000000000        0.0056081450269055     0.0000000000000000        0.0353774870792376     0.0000000000000000
    1    2
    -0.0000000000000000     0.0000000000000000        0.0000000000000000    -0.0000000000000000        0.0000000000000000    -0.0000000000000000
    -0.0000000000000000     0.0000000000000000        0.0000000000000000    -0.0000000000000000       -0.0000000000000000     0.0000000000000000
     0.0000000000000000    -0.0000000000000000        0.0000000000000000    -0.0000000000000000        0.0000000000000000    -0.0000000000000000
    2    1
    -0.0000000000000000    -0.0000000000000000       -0.0000000000000000    -0.0000000000000000        0.0000000000000000     0.0000000000000000
     0.0000000000000000     0.0000000000000000        0.0000000000000000     0.0000000000000000        0.0000000000000000     0.0000000000000000
     0.0000000000000000     0.0000000000000000       -0.0000000000000000    -0.0000000000000000        0.0000000000000000     0.0000000000000000
    2    2
     0.0361890969072659     0.0000000000000000       -0.0235705094437749    -0.0000000000000000       -0.0235705094437749    -0.0000000000000000
    -0.0235705094437749     0.0000000000000000        0.0361890969072660    -0.0000000000000000        0.0235705094437749    -0.0000000000000000
    -0.0235705094437749     0.0000000000000000        0.0235705094437749     0.0000000000000000        0.0361890969072660     0.0000000000000000

     Diagonalizing the dynamical matrix

     q = (    0.500000000000   -0.500000000000   0.500000000000 )

***************************************************************************
   freq (    1) =     1.12349706 [THz] =    37.47582266 [cm-1]
(  -0.000000  0.000000   0.000000  0.000000   0.000000  0.000000 )
(   0.407674  0.706032   0.226951  0.383935  -0.180722  0.383935 )
   freq (    2) =     1.12349706 [THz] =    37.47582266 [cm-1]
(  -0.000000  0.000000  -0.000000 -0.000000   0.000000 -0.000000 )
(   0.044096  0.006518  -0.683719 -0.016813  -0.727815 -0.016813 )
   freq (    3) =     1.66444521 [THz] =    55.51990795 [cm-1]
(   0.804893 -0.000000   0.521234  0.000000  -0.283659  0.000000 )
(   0.000000 -0.000000  -0.000000 -0.000000  -0.000000 -0.000000 )
   freq (    4) =     1.66444521 [THz] =    55.51990795 [cm-1]
(  -0.137164  0.000000   0.628476  0.000000   0.765640  0.000000 )
(  -0.000000 -0.000000  -0.000000 -0.000000   0.000000 -0.000000 )
   freq (    5) =     2.08232658 [THz] =    69.45892832 [cm-1]
(  -0.577350  0.000000   0.577350 -0.000000  -0.577350 -0.000000 )
(   0.000000 -0.000000  -0.000000 -0.000000  -0.000000 -0.000000 )
   freq (    6) =     2.88713813 [THz] =    96.30454787 [cm-1]
(   0.000000  0.000000   0.000000 -0.000000   0.000000 -0.000000 )
(  -0.576590 -0.029627   0.576590  0.029627  -0.576590  0.029627 )
***************************************************************************
