Dynamical matrix file
File generated with the CellConstructor by Lorenzo Monacelli
2 2 0    12.4000000000000004     0.0000000000000000     0.0000000000000000     0.0000000000000000     0.0000000000000000     0.0000000000000000
Basis vectors
   -0.5000000000000000     0.0000000000000000     0.5000000000000000
    0.0000000000000000     0.5000000000000000     0.5000000000000000
   -0.5000000000000000     0.5000000000000000     0.0000000000000000
	1  'Te '  116300.2852960780001013
	2  'Sn '  108197.5459835219953675
    1     1    -0.2500000000000000    -0.2500000000000000    -0.2500000000000000
    2     2     0.2500000000000000     0.2500000000000000     0.2500000000000000

     Dynamical Matrix in cartesian axes

     q = (    0.000000000000   -1.000000000000   0.000000000000 )

    1    1
     0.0297072908854055     0.0000000000000000       -0.0000000000000000    -0.0000000000000000       -0.0000000000000000    -0.0000000000000000
    -0.0000000000000000     0.0000000000000000        0.0423595375106978     0.0000000000000000       -0.0000000000000000     0.0000000000000000
     0.0000000000000000     0.0000000000000000       -0.0000000000000000    -0.0000000000000000        0.0297072908854055    -0.0000000000000000
    1    2
     0.0017678408290628     0.0000000001442407       -0.0000000000000000    -0.0000000000000000        0.0000000000000000     0.0000000000000000
     0.0000000000000000    -0.0000000000000000        0.0050687202623118     0.0000000000659024        0.0000000000000000     0.0000000000000000
    -0.0000000000000000     0.0000000000000000        0.0000000000000000     0.0000000000000000        0.0017678408290627     0.0000000001442407
    2    1
     0.0017678408290628    -0.0000000001442407       -0.0000000000000000     0.0000000000000000       -0.0000000000000000     0.0000000000000000
    -0.0000000000000000     0.0000000000000000        0.0050687202623118    -0.0000000000659024        0.0000000000000000     0.0000000000000000
     0.0000000000000000     0.0000000000000000        0.0000000000000000     0.0000000000000000        0.0017678408290627    -0.0000000001442407
    2    2
     0.0077959946268312     0.0000000000000000       -0.0000000000000000     0.0000000000000000        0.0000000000000000    -0.0000000000000000
    -0.0000000000000000    -0.0000000000000000        0.0112220495269000     0.0000000000000000       -0.0000000000000000    -0.0000000000000000
     0.0000000000000000    -0.0000000000000000       -0.0000000000000000     0.0000000000000000        0.0077959946268312     0.0000000000000000

     Dynamical Matrix in cartesian axes

     q = (    -1.000000000000   0.000000000000   0.000000000000 )

    1    1
     0.0423595375106978     0.0000000000000000        0.0000000000000000    -0.0000000000000000        0.0000000000000000     0.0000000000000000
     0.0000000000000000     0.0000000000000000        0.0297072908854055    -0.0000000000000000       -0.0000000000000000    -0.0000000000000000
    -0.0000000000000000    -0.0000000000000000       -0.0000000000000000     0.0000000000000000        0.0297072908854055    -0.0000000000000000
    1    2
     0.0050687202623118     0.0000000000659024        0.0000000000000000    -0.0000000000000000       -0.0000000000000000    -0.0000000000000000
    -0.0000000000000000    -0.0000000000000000        0.0017678408290628     0.0000000001442407       -0.0000000000000000    -0.0000000000000000
     0.0000000000000000    -0.0000000000000000        0.0000000000000000    -0.0000000000000000        0.0017678408290627     0.0000000001442407
    2    1
     0.0050687202623118    -0.0000000000659024        0.0000000000000000     0.0000000000000000       -0.0000000000000000    -0.0000000000000000
     0.0000000000000000     0.0000000000000000        0.0017678408290628    -0.0000000001442407       -0.0000000000000000     0.0000000000000000
    -0.0000000000000000    -0.0000000000000000       -0.0000000000000000     0.0000000000000000        0.0017678408290627    -0.0000000001442407
    2    2
     0.0112220495269000    -0.0000000000000000       -0.0000000000000000     0.0000000000000000        0.0000000000000000    -0.0000000000000000
    -0.0000000000000000    -0.0000000000000000        0.0077959946268312     0.0000000000000000       -0.0000000000000000     0.0000000000000000
     0.0000000000000000     0.0000000000000000       -0.0000000000000000     0.0000000000000000        0.0077959946268312     0.0000000000000000

     Dynamical Matrix in cartesian axes

     q = (    0.000000000000   0.000000000000   1.000000000000 )

    1    1
     0.0297072908854055    -0.0000000000000000        0.0000000000000000     0.0000000000000000       -0.0000000000000000     0.0000000000000000
     0.0000000000000000    -0.0000000000000000        0.0297072908854055     0.0000000000000000       -0.0000000000000000    -0.0000000000000000
     0.0000000000000000    -0.0000000000000000       -0.0000000000000000     0.0000000000000000        0.0423595375106977    -0.0000000000000000
    1    2
     0.0017678408290628     0.0000000001442407       -0.0000000000000000     0.0000000000000000        0.0000000000000000     0.0000000000000000
    -0.0000000000000000     0.0000000000000000        0.0017678408290628     0.0000000001442407       -0.0000000000000000    -0.0000000000000000
     0.0000000000000000    -0.0000000000000000       -0.0000000000000000    -0.0000000000000000        0.0050687202623118     0.0000000000659024
    2    1
     0.0017678408290628    -0.0000000001442407       -0.0000000000000000     0.0000000000000000       -0.0000000000000000     0.0000000000000000
    -0.0000000000000000    -0.0000000000000000        0.0017678408290628    -0.0000000001442407       -0.0000000000000000     0.0000000000000000
     0.0000000000000000     0.0000000000000000       -0.0000000000000000     0.0000000000000000        0.0050687202623118    -0.0000000000659024
    2    2
     0.0077959946268312    -0.0000000000000000        0.0000000000000000    -0.0000000000000000        0.0000000000000000    -0.0000000000000000
     0.0000000000000000     0.0000000000000000        0.0077959946268312    -0.0000000000000000       -0.0000000000000000     0.0000000000000000
     0.0000000000000000     0.0000000000000000        0.0000000000000000    -0.0000000000000000        0.0112220495269000     0.0000000000000000

     Diagonalizing the dynamical matrix

     q = (    0.000000000000   -1.000000000000   0.000000000000 )

***************************************************************************
   freq (    1) =     0.87480683 [THz] =    29.18041082 [cm-1]
(  -0.002884  0.000000   0.000000 -0.000000   0.084955 -0.000000 )
(   0.033802 -0.000000  -0.000000  0.000000  -0.995807  0.000000 )
   freq (    2) =     0.87480683 [THz] =    29.18041082 [cm-1]
(  -0.084955  0.000000  -0.000000 -0.000000  -0.002884 -0.000000 )
(   0.995807 -0.000000   0.000000 -0.000000   0.033802 -0.000000 )
   freq (    3) =     1.01986871 [THz] =    34.01915341 [cm-1]
(  -0.000000  0.000000   0.166182 -0.000000  -0.000000 -0.000000 )
(   0.000000 -0.000000  -0.986095  0.000000  -0.000000  0.000000 )
   freq (    4) =     1.66707971 [THz] =    55.60778565 [cm-1]
(   0.995638 -0.000000  -0.000000 -0.000000  -0.038459 -0.000000 )
(   0.084940 -0.000000   0.000000 -0.000000  -0.003281 -0.000000 )
   freq (    5) =     1.66707971 [THz] =    55.60778565 [cm-1]
(  -0.038459  0.000000  -0.000000 -0.000000  -0.995638 -0.000000 )
(  -0.003281  0.000000   0.000000 -0.000000  -0.084940 -0.000000 )
   freq (    6) =     2.00610479 [THz] =    66.91644319 [cm-1]
(   0.000000  0.000000   0.986095 -0.000000  -0.000000 -0.000000 )
(   0.000000 -0.000000   0.166182 -0.000000  -0.000000 -0.000000 )
***************************************************************************
