Dynamical matrix file
File generated with the CellConstructor by Lorenzo Monacelli
2 2 0    12.4000000000000004     0.0000000000000000     0.0000000000000000     0.0000000000000000     0.0000000000000000     0.0000000000000000
Basis vectors
   -0.5000000000000000     0.0000000000000000     0.5000000000000000
    0.0000000000000000     0.5000000000000000     0.5000000000000000
   -0.5000000000000000     0.5000000000000000     0.0000000000000000
	1  'Te '  116300.2852960780001013
	2  'Sn '  108197.5459835219953675
    1     1    -0.2500000000000000    -0.2500000000000000    -0.2500000000000000
    2     2     0.2500000000000000     0.2500000000000000     0.2500000000000000

     Dynamical Matrix in cartesian axes

     q = (    0.000000000000   -1.000000000000   0.000000000000 )

    1    1
     0.0320435940899716     0.0000000000000000       -0.0000000000000000     0.0000000000000000        0.0000000000000000    -0.0000000000000000
    -0.0000000000000000    -0.0000000000000000        0.0441093822394810    -0.0000000000000000       -0.0000000000000000     0.0000000000000000
     0.0000000000000000     0.0000000000000000       -0.0000000000000000    -0.0000000000000000        0.0320435940899716     0.0000000000000000
    1    2
     0.0032960916048330     0.0000000004006703        0.0000000000000000    -0.0000000000000000       -0.0000000000000000    -0.0000000000000000
     0.0000000000000000    -0.0000000000000000        0.0051362508593618    -0.0000000001577669        0.0000000000000000    -0.0000000000000000
     0.0000000000000000     0.0000000000000000        0.0000000000000000    -0.0000000000000000        0.0032960916048330     0.0000000004006703
    2    1
     0.0032960916048330    -0.0000000004006703        0.0000000000000000     0.0000000000000000        0.0000000000000000     0.0000000000000000
     0.0000000000000000     0.0000000000000000        0.0051362508593618     0.0000000001577669        0.0000000000000000     0.0000000000000000
    -0.0000000000000000    -0.0000000000000000       -0.0000000000000000    -0.0000000000000000        0.0032960916048330    -0.0000000004006703
    2    2
     0.0110120427516992     0.0000000000000000        0.0000000000000000    -0.0000000000000000       -0.0000000000000000    -0.0000000000000000
     0.0000000000000000     0.0000000000000000        0.0137113386163307    -0.0000000000000000       -0.0000000000000000     0.0000000000000000
    -0.0000000000000000     0.0000000000000000        0.0000000000000000    -0.0000000000000000        0.0110120427516992    -0.0000000000000000

     Dynamical Matrix in cartesian axes

     q = (    -1.000000000000   0.000000000000   0.000000000000 )

    1    1
     0.0441093822394811    -0.0000000000000000        0.0000000000000000    -0.0000000000000000        0.0000000000000000     0.0000000000000000
    -0.0000000000000000     0.0000000000000000        0.0320435940899716    -0.0000000000000000        0.0000000000000000     0.0000000000000000
     0.0000000000000000    -0.0000000000000000       -0.0000000000000000    -0.0000000000000000        0.0320435940899716    -0.0000000000000000
    1    2
     0.0051362508593618    -0.0000000001577669       -0.0000000000000000    -0.0000000000000000       -0.0000000000000000     0.0000000000000000
    -0.0000000000000000    -0.0000000000000000        0.0032960916048330     0.0000000004006703        0.0000000000000000     0.0000000000000000
    -0.0000000000000000    -0.0000000000000000        0.0000000000000000    -0.0000000000000000        0.0032960916048330     0.0000000004006703
    2    1
     0.0051362508593618     0.0000000001577669       -0.0000000000000000     0.0000000000000000       -0.0000000000000000    -0.0000000000000000
    -0.0000000000000000     0.0000000000000000        0.0032960916048330    -0.0000000004006703       -0.0000000000000000    -0.0000000000000000
     0.0000000000000000     0.0000000000000000        0.0000000000000000     0.0000000000000000        0.0032960916048330    -0.0000000004006703
    2    2
     0.0137113386163307    -0.0000000000000000        0.0000000000000000     0.0000000000000000        0.0000000000000000     0.0000000000000000
     0.0000000000000000    -0.0000000000000000        0.0110120427516992     0.0000000000000000        0.0000000000000000     0.0000000000000000
    -0.0000000000000000     0.0000000000000000        0.0000000000000000    -0.0000000000000000        0.0110120427516992     0.0000000000000000

     Dynamical Matrix in cartesian axes

     q = (    0.000000000000   0.000000000000   1.000000000000 )

    1    1
     0.0320435940899716    -0.0000000000000000        0.0000000000000000     0.0000000000000000        0.0000000000000000    -0.0000000000000000
     0.0000000000000000    -0.0000000000000000        0.0320435940899716     0.0000000000000000       -0.0000000000000000     0.0000000000000000
     0.0000000000000000     0.0000000000000000       -0.0000000000000000    -0.0000000000000000        0.0441093822394810    -0.0000000000000000
    1    2
     0.0032960916048330     0.0000000004006703        0.0000000000000000     0.0000000000000000       -0.0000000000000000    -0.0000000000000000
     0.0000000000000000     0.0000000000000000        0.0032960916048330     0.0000000004006703        0.0000000000000000    -0.0000000000000000
     0.0000000000000000    -0.0000000000000000        0.0000000000000000    -0.0000000000000000        0.0051362508593618    -0.0000000001577669
    2    1
     0.0032960916048330    -0.0000000004006703        0.0000000000000000    -0.0000000000000000        0.0000000000000000     0.0000000000000000
     0.0000000000000000    -0.0000000000000000        0.0032960916048330    -0.0000000004006703       -0.0000000000000000     0.0000000000000000
    -0.0000000000000000     0.0000000000000000        0.0000000000000000     0.0000000000000000        0.0051362508593618     0.0000000001577669
    2    2
     0.0110120427516992     0.0000000000000000       -0.0000000000000000     0.0000000000000000        0.0000000000000000    -0.0000000000000000
    -0.0000000000000000    -0.0000000000000000        0.0110120427516992    -0.0000000000000000        0.0000000000000000    -0.0000000000000000
    -0.0000000000000000     0.0000000000000000       -0.0000000000000000    -0.0000000000000000        0.0137113386163307     0.0000000000000000

     Diagonalizing the dynamical matrix

     q = (    0.000000000000   -1.000000000000   0.000000000000 )

***************************************************************************
   freq (    1) =     1.02431267 [THz] =    34.16738813 [cm-1]
(  -0.152822  0.000000  -0.000000 -0.000000  -0.054809 -0.000000 )
(   0.928804 -0.000000   0.000000  0.000000   0.333113  0.000000 )
   freq (    2) =     1.02431267 [THz] =    34.16738813 [cm-1]
(   0.054809  0.000000  -0.000000 -0.000000  -0.152822 -0.000000 )
(  -0.333113  0.000000   0.000000  0.000000   0.928804  0.000000 )
   freq (    3) =     1.13334950 [THz] =    37.80446453 [cm-1]
(  -0.000000  0.000000  -0.173055  0.000000  -0.000000  0.000000 )
(  -0.000000  0.000000   0.984912 -0.000000  -0.000000 -0.000000 )
   freq (    4) =     1.74193814 [THz] =    58.10479353 [cm-1]
(   0.142393 -0.000000   0.000000  0.000000  -0.976404  0.000000 )
(   0.023429 -0.000000  -0.000000  0.000000  -0.160654  0.000000 )
   freq (    5) =     1.74193814 [THz] =    58.10479353 [cm-1]
(  -0.976404  0.000000   0.000000  0.000000  -0.142393  0.000000 )
(  -0.160654  0.000000  -0.000000 -0.000000  -0.023429 -0.000000 )
   freq (    6) =     2.04742663 [THz] =    68.29479143 [cm-1]
(   0.000000  0.000000  -0.984912 -0.000000  -0.000000 -0.000000 )
(  -0.000000 -0.000000  -0.173055 -0.000000  -0.000000 -0.000000 )
***************************************************************************
