Dynamical matrix file
File generated with the CellConstructor by Lorenzo Monacelli
2 2 0    12.4000000000000004     0.0000000000000000     0.0000000000000000     0.0000000000000000     0.0000000000000000     0.0000000000000000
Basis vectors
   -0.5000000000000000     0.0000000000000000     0.5000000000000000
    0.0000000000000000     0.5000000000000000     0.5000000000000000
   -0.5000000000000000     0.5000000000000000     0.0000000000000000
	1  'Te '  116300.2852960780001013
	2  'Sn '  108197.5459835219953675
    1     1    -0.2500000000000000    -0.2500000000000000    -0.2500000000000000
    2     2     0.2500000000000000     0.2500000000000000     0.2500000000000000

     Dynamical Matrix in cartesian axes

     q = (    0.000000000000   0.000000000000   0.000000000000 )

    1    1
     0.0018252602289785     0.0000000000000000        0.0000000000000000     0.0000000000000000       -0.0000000000000000     0.0000000000000000
     0.0000000000000000     0.0000000000000000        0.0018252602289784     0.0000000000000000       -0.0000000000000000     0.0000000000000000
     0.0000000000000000     0.0000000000000000        0.0000000000000000     0.0000000000000000        0.0018252602289784     0.0000000000000000
    1    2
    -0.0018252602289785     0.0000000000000000       -0.0000000000000000     0.0000000000000000        0.0000000000000000     0.0000000000000000
    -0.0000000000000000     0.0000000000000000       -0.0018252602289785     0.0000000000000000       -0.0000000000000000     0.0000000000000000
    -0.0000000000000000     0.0000000000000000       -0.0000000000000000     0.0000000000000000       -0.0018252602289785     0.0000000000000000
    2    1
    -0.0018252602289785     0.0000000000000000       -0.0000000000000000     0.0000000000000000       -0.0000000000000000     0.0000000000000000
    -0.0000000000000000     0.0000000000000000       -0.0018252602289785     0.0000000000000000        0.0000000000000000     0.0000000000000000
     0.0000000000000000     0.0000000000000000       -0.0000000000000000     0.0000000000000000       -0.0018252602289785     0.0000000000000000
    2    2
     0.0018252602289784     0.0000000000000000        0.0000000000000000     0.0000000000000000       -0.0000000000000000     0.0000000000000000
     0.0000000000000000     0.0000000000000000        0.0018252602289785     0.0000000000000000        0.0000000000000000     0.0000000000000000
    -0.0000000000000000     0.0000000000000000        0.0000000000000000     0.0000000000000000        0.0018252602289785     0.0000000000000000

     Diagonalizing the dynamical matrix

     q = (    0.000000000000   0.000000000000   0.000000000000 )

***************************************************************************
   freq (    1) =    -0.00000002 [THz] =    -0.00000069 [cm-1]
(   0.082288  0.000000  -0.217535  0.000000   0.681142  0.000000 )
(   0.079369  0.000000  -0.209820  0.000000   0.656985  0.000000 )
   freq (    2) =    -0.00000002 [THz] =    -0.00000066 [cm-1]
(   0.712085  0.000000   0.087144  0.000000  -0.058195  0.000000 )
(   0.686832  0.000000   0.084053  0.000000  -0.056131  0.000000 )
   freq (    3) =    -0.00000001 [THz] =    -0.00000044 [cm-1]
(   0.064880  0.000000  -0.680537  0.000000  -0.225180  0.000000 )
(   0.062580  0.000000  -0.656403  0.000000  -0.217194  0.000000 )
   freq (    4) =     0.59366938 [THz] =    19.80267612 [cm-1]
(   0.238168  0.000000  -0.640498  0.000000   0.122442  0.000000 )
(  -0.246925  0.000000   0.664048  0.000000  -0.126944  0.000000 )
   freq (    5) =     0.59366938 [THz] =    19.80267612 [cm-1]
(  -0.117676  0.000000  -0.170428  0.000000  -0.662616  0.000000 )
(   0.122003  0.000000   0.176695  0.000000   0.686979  0.000000 )
   freq (    6) =     0.59366938 [THz] =    19.80267612 [cm-1]
(  -0.641391  0.000000  -0.206568  0.000000   0.167037  0.000000 )
(   0.664973  0.000000   0.214164  0.000000  -0.173179  0.000000 )
***************************************************************************
