Dynamical matrix file
File generated with the CellConstructor by Lorenzo Monacelli
2 2 0    12.4000000000000004     0.0000000000000000     0.0000000000000000     0.0000000000000000     0.0000000000000000     0.0000000000000000
Basis vectors
   -0.5000000000000000     0.0000000000000000     0.5000000000000000
    0.0000000000000000     0.5000000000000000     0.5000000000000000
   -0.5000000000000000     0.5000000000000000     0.0000000000000000
	1  'Te '  116300.2852960780001013
	2  'Sn '  108197.5459835219953675
    1     1    -0.2500000000000000    -0.2500000000000000    -0.2500000000000000
    2     2     0.2500000000000000     0.2500000000000000     0.2500000000000000

     Dynamical Matrix in cartesian axes

     q = (    0.000000000000   0.000000000000   0.000000000000 )

    1    1
     0.0022967454869073     0.0000000000000000        0.0000000000000000     0.0000000000000000       -0.0000000000000000     0.0000000000000000
     0.0000000000000000     0.0000000000000000        0.0022967454869073     0.0000000000000000       -0.0000000000000000     0.0000000000000000
    -0.0000000000000000     0.0000000000000000        0.0000000000000000     0.0000000000000000        0.0022967454869073     0.0000000000000000
    1    2
    -0.0022967454869073     0.0000000000000000       -0.0000000000000000     0.0000000000000000        0.0000000000000000     0.0000000000000000
    -0.0000000000000000     0.0000000000000000       -0.0022967454869073     0.0000000000000000       -0.0000000000000000     0.0000000000000000
     0.0000000000000000     0.0000000000000000       -0.0000000000000000     0.0000000000000000       -0.0022967454869073     0.0000000000000000
    2    1
    -0.0022967454869073     0.0000000000000000       -0.0000000000000000     0.0000000000000000        0.0000000000000000     0.0000000000000000
    -0.0000000000000000     0.0000000000000000       -0.0022967454869073     0.0000000000000000        0.0000000000000000     0.0000000000000000
     0.0000000000000000     0.0000000000000000       -0.0000000000000000     0.0000000000000000       -0.0022967454869073     0.0000000000000000
    2    2
     0.0022967454869073     0.0000000000000000        0.0000000000000000     0.0000000000000000       -0.0000000000000000     0.0000000000000000
     0.0000000000000000     0.0000000000000000        0.0022967454869073     0.0000000000000000        0.0000000000000000     0.0000000000000000
    -0.0000000000000000     0.0000000000000000        0.0000000000000000     0.0000000000000000        0.0022967454869073     0.0000000000000000

     Diagonalizing the dynamical matrix

     q = (    0.000000000000   0.000000000000   0.000000000000 )

***************************************************************************
   freq (    1) =    -0.00000003 [THz] =    -0.00000104 [cm-1]
(   0.000766  0.000000  -0.021060  0.000000   0.719446  0.000000 )
(   0.000739  0.000000  -0.020313  0.000000   0.693931  0.000000 )
   freq (    2) =     0.00000002 [THz] =     0.00000069 [cm-1]
(  -0.118049  0.000000   0.709700  0.000000   0.020900  0.000000 )
(  -0.113863  0.000000   0.684531  0.000000   0.020159  0.000000 )
   freq (    3) =     0.00000004 [THz] =     0.00000123 [cm-1]
(   0.710007  0.000000   0.118021  0.000000   0.002698  0.000000 )
(   0.684827  0.000000   0.113835  0.000000   0.002603  0.000000 )
   freq (    4) =     0.66594550 [THz] =    22.21354770 [cm-1]
(   0.548299  0.000000  -0.333507  0.000000   0.264755  0.000000 )
(  -0.568459  0.000000   0.345770  0.000000  -0.274489  0.000000 )
   freq (    5) =     0.66594550 [THz] =    22.21354770 [cm-1]
(  -0.066574  0.000000   0.359192  0.000000   0.590341  0.000000 )
(   0.069022  0.000000  -0.372399  0.000000  -0.612047  0.000000 )
   freq (    6) =     0.66594550 [THz] =    22.21354770 [cm-1]
(  -0.420583  0.000000  -0.491638  0.000000   0.251706  0.000000 )
(   0.436047  0.000000   0.509714  0.000000  -0.260961  0.000000 )
***************************************************************************
