Dynamical matrix file
File generated with the CellConstructor by Lorenzo Monacelli
2 2 0    12.4000000000000004     0.0000000000000000     0.0000000000000000     0.0000000000000000     0.0000000000000000     0.0000000000000000
Basis vectors
   -0.5000000000000000     0.0000000000000000     0.5000000000000000
    0.0000000000000000     0.5000000000000000     0.5000000000000000
   -0.5000000000000000     0.5000000000000000     0.0000000000000000
	1  'Te '  116300.2852960780001013
	2  'Sn '  108197.5459835219953675
    1     1    -0.2500000000000000    -0.2500000000000000    -0.2500000000000000
    2     2     0.2500000000000000     0.2500000000000000     0.2500000000000000

     Dynamical Matrix in cartesian axes

     q = (    0.500000000000   -0.500000000000   0.500000000000 )

    1    1
     0.0352446007426028     0.0000000000000000       -0.0056508368442987    -0.0000000000000000        0.0056508368442986    -0.0000000000000000
    -0.0056508368442987     0.0000000000000000        0.0352446007426028    -0.0000000000000000       -0.0056508368442986     0.0000000000000000
     0.0056508368442986     0.0000000000000000       -0.0056508368442987     0.0000000000000000        0.0352446007426026    -0.0000000000000000
    1    2
     0.0000000000000000    -0.0000000000000000       -0.0000000000000000    -0.0000000000000000        0.0000000000000000     0.0000000000000000
     0.0000000000000000     0.0000000000000000        0.0000000000000000     0.0000000000000000        0.0000000000000000     0.0000000000000000
    -0.0000000000000000    -0.0000000000000000       -0.0000000000000000    -0.0000000000000000        0.0000000000000000    -0.0000000000000000
    2    1
     0.0000000000000000     0.0000000000000000        0.0000000000000000    -0.0000000000000000       -0.0000000000000000     0.0000000000000000
    -0.0000000000000000     0.0000000000000000        0.0000000000000000    -0.0000000000000000       -0.0000000000000000     0.0000000000000000
     0.0000000000000000    -0.0000000000000000        0.0000000000000000    -0.0000000000000000        0.0000000000000000     0.0000000000000000
    2    2
     0.0363047930577972    -0.0000000000000000       -0.0241155473680567    -0.0000000000000000        0.0241155473680567     0.0000000000000000
    -0.0241155473680567     0.0000000000000000        0.0363047930577971    -0.0000000000000000       -0.0241155473680567    -0.0000000000000000
     0.0241155473680567     0.0000000000000000       -0.0241155473680567     0.0000000000000000        0.0363047930577970    -0.0000000000000000

     Dynamical Matrix in cartesian axes

     q = (    0.500000000000   0.500000000000   -0.500000000000 )

    1    1
     0.0352446007426028    -0.0000000000000000        0.0056508368442986     0.0000000000000000       -0.0056508368442986     0.0000000000000000
     0.0056508368442986    -0.0000000000000000        0.0352446007426027     0.0000000000000000       -0.0056508368442986     0.0000000000000000
    -0.0056508368442986    -0.0000000000000000       -0.0056508368442987    -0.0000000000000000        0.0352446007426027    -0.0000000000000000
    1    2
     0.0000000000000000    -0.0000000000000000        0.0000000000000000     0.0000000000000000       -0.0000000000000000    -0.0000000000000000
    -0.0000000000000000    -0.0000000000000000        0.0000000000000000     0.0000000000000000       -0.0000000000000000    -0.0000000000000000
     0.0000000000000000     0.0000000000000000        0.0000000000000000     0.0000000000000000       -0.0000000000000000     0.0000000000000000
    2    1
     0.0000000000000000     0.0000000000000000       -0.0000000000000000     0.0000000000000000        0.0000000000000000    -0.0000000000000000
     0.0000000000000000    -0.0000000000000000        0.0000000000000000    -0.0000000000000000        0.0000000000000000    -0.0000000000000000
    -0.0000000000000000     0.0000000000000000       -0.0000000000000000     0.0000000000000000       -0.0000000000000000    -0.0000000000000000
    2    2
     0.0363047930577972     0.0000000000000000        0.0241155473680567     0.0000000000000000       -0.0241155473680567     0.0000000000000000
     0.0241155473680567    -0.0000000000000000        0.0363047930577971     0.0000000000000000       -0.0241155473680567     0.0000000000000000
    -0.0241155473680567    -0.0000000000000000       -0.0241155473680567    -0.0000000000000000        0.0363047930577971     0.0000000000000000

     Dynamical Matrix in cartesian axes

     q = (    -0.500000000000   -0.500000000000   -0.500000000000 )

    1    1
     0.0352446007426028    -0.0000000000000000        0.0056508368442986     0.0000000000000000        0.0056508368442986     0.0000000000000000
     0.0056508368442986     0.0000000000000000        0.0352446007426028     0.0000000000000000        0.0056508368442986     0.0000000000000000
     0.0056508368442987    -0.0000000000000000        0.0056508368442986    -0.0000000000000000        0.0352446007426026     0.0000000000000000
    1    2
    -0.0000000000000000     0.0000000000000000       -0.0000000000000000     0.0000000000000000       -0.0000000000000000     0.0000000000000000
     0.0000000000000000    -0.0000000000000000        0.0000000000000000    -0.0000000000000000       -0.0000000000000000     0.0000000000000000
     0.0000000000000000    -0.0000000000000000        0.0000000000000000    -0.0000000000000000       -0.0000000000000000    -0.0000000000000000
    2    1
    -0.0000000000000000    -0.0000000000000000        0.0000000000000000     0.0000000000000000        0.0000000000000000     0.0000000000000000
    -0.0000000000000000    -0.0000000000000000        0.0000000000000000     0.0000000000000000        0.0000000000000000     0.0000000000000000
    -0.0000000000000000    -0.0000000000000000       -0.0000000000000000    -0.0000000000000000       -0.0000000000000000     0.0000000000000000
    2    2
     0.0363047930577972     0.0000000000000000        0.0241155473680567     0.0000000000000000        0.0241155473680567     0.0000000000000000
     0.0241155473680567    -0.0000000000000000        0.0363047930577971    -0.0000000000000000        0.0241155473680567    -0.0000000000000000
     0.0241155473680567    -0.0000000000000000        0.0241155473680567     0.0000000000000000        0.0363047930577971    -0.0000000000000000

     Dynamical Matrix in cartesian axes

     q = (    0.500000000000   -0.500000000000   -0.500000000000 )

    1    1
     0.0352446007426028     0.0000000000000000       -0.0056508368442987     0.0000000000000000       -0.0056508368442987     0.0000000000000000
    -0.0056508368442987    -0.0000000000000000        0.0352446007426028    -0.0000000000000000        0.0056508368442986     0.0000000000000000
    -0.0056508368442986    -0.0000000000000000        0.0056508368442986    -0.0000000000000000        0.0352446007426026     0.0000000000000000
    1    2
    -0.0000000000000000     0.0000000000000000        0.0000000000000000     0.0000000000000000        0.0000000000000000    -0.0000000000000000
    -0.0000000000000000     0.0000000000000000       -0.0000000000000000    -0.0000000000000000        0.0000000000000000    -0.0000000000000000
    -0.0000000000000000     0.0000000000000000       -0.0000000000000000    -0.0000000000000000        0.0000000000000000    -0.0000000000000000
    2    1
    -0.0000000000000000    -0.0000000000000000       -0.0000000000000000    -0.0000000000000000       -0.0000000000000000    -0.0000000000000000
     0.0000000000000000    -0.0000000000000000       -0.0000000000000000     0.0000000000000000       -0.0000000000000000     0.0000000000000000
     0.0000000000000000     0.0000000000000000        0.0000000000000000     0.0000000000000000        0.0000000000000000     0.0000000000000000
    2    2
     0.0363047930577972    -0.0000000000000000       -0.0241155473680567    -0.0000000000000000       -0.0241155473680567    -0.0000000000000000
    -0.0241155473680567    -0.0000000000000000        0.0363047930577971     0.0000000000000000        0.0241155473680567     0.0000000000000000
    -0.0241155473680567     0.0000000000000000        0.0241155473680567     0.0000000000000000        0.0363047930577970     0.0000000000000000

     Diagonalizing the dynamical matrix

     q = (    0.500000000000   -0.500000000000   0.500000000000 )

***************************************************************************
   freq (    1) =     1.10421841 [THz] =    36.83275629 [cm-1]
(  -0.000000  0.000000  -0.000000  0.000000   0.000000  0.000000 )
(   0.309208  0.014304  -0.499163 -0.019836  -0.808371 -0.019836 )
   freq (    2) =     1.10421841 [THz] =    36.83275629 [cm-1]
(   0.000000  0.000000   0.000000  0.000000  -0.000000  0.000000 )
(  -0.755358 -0.016955  -0.645706 -0.013161   0.109652 -0.013161 )
   freq (    3) =     1.65952954 [THz] =    55.35593894 [cm-1]
(  -0.563766  0.000000   0.229610  0.000000   0.793377  0.000000 )
(   0.000000  0.000000  -0.000000 -0.000000   0.000000 -0.000000 )
   freq (    4) =     1.65952954 [THz] =    55.35593894 [cm-1]
(  -0.590622  0.000000  -0.783547 -0.000000  -0.192925 -0.000000 )
(  -0.000000 -0.000000  -0.000000  0.000000   0.000000  0.000000 )
   freq (    5) =     2.08126484 [THz] =    69.42351235 [cm-1]
(  -0.577350  0.000000   0.577350 -0.000000  -0.577350 -0.000000 )
(   0.000000 -0.000000  -0.000000 -0.000000   0.000000 -0.000000 )
   freq (    6) =     2.90795129 [THz] =    96.99880033 [cm-1]
(   0.000000  0.000000  -0.000000 -0.000000  -0.000000 -0.000000 )
(   0.577239  0.011310  -0.577239 -0.011310   0.577239 -0.011310 )
***************************************************************************
