Dynamical matrix file
File generated with the CellConstructor by Lorenzo Monacelli
2 2 0    12.4000000000000004     0.0000000000000000     0.0000000000000000     0.0000000000000000     0.0000000000000000     0.0000000000000000
Basis vectors
   -0.5000000000000000     0.0000000000000000     0.5000000000000000
    0.0000000000000000     0.5000000000000000     0.5000000000000000
   -0.5000000000000000     0.5000000000000000     0.0000000000000000
	1  'Te '  116300.2852960780001013
	2  'Sn '  108197.5459835219953675
    1     1    -0.2500000000000000    -0.2500000000000000    -0.2500000000000000
    2     2     0.2500000000000000     0.2500000000000000     0.2500000000000000

     Dynamical Matrix in cartesian axes

     q = (    0.500000000000   -0.500000000000   0.500000000000 )

    1    1
     0.0324292508846387     0.0000000000000000       -0.0050946820351768    -0.0000000000000000        0.0050946820351768    -0.0000000000000000
    -0.0050946820351768     0.0000000000000000        0.0324292508846386     0.0000000000000000       -0.0050946820351768    -0.0000000000000000
     0.0050946820351768     0.0000000000000000       -0.0050946820351768     0.0000000000000000        0.0324292508846389    -0.0000000000000000
    1    2
    -0.0000000000000000    -0.0000000000000000        0.0000000000000000     0.0000000000000000       -0.0000000000000000    -0.0000000000000000
     0.0000000000000000     0.0000000000000000       -0.0000000000000000     0.0000000000000000       -0.0000000000000000     0.0000000000000000
    -0.0000000000000000    -0.0000000000000000        0.0000000000000000     0.0000000000000000       -0.0000000000000000    -0.0000000000000000
    2    1
    -0.0000000000000000     0.0000000000000000        0.0000000000000000    -0.0000000000000000       -0.0000000000000000     0.0000000000000000
     0.0000000000000000    -0.0000000000000000       -0.0000000000000000    -0.0000000000000000        0.0000000000000000    -0.0000000000000000
    -0.0000000000000000     0.0000000000000000       -0.0000000000000000    -0.0000000000000000       -0.0000000000000000     0.0000000000000000
    2    2
     0.0342788583656009    -0.0000000000000000       -0.0245194309596498     0.0000000000000000        0.0245194309596498    -0.0000000000000000
    -0.0245194309596498    -0.0000000000000000        0.0342788583656008    -0.0000000000000000       -0.0245194309596498     0.0000000000000000
     0.0245194309596498     0.0000000000000000       -0.0245194309596498    -0.0000000000000000        0.0342788583656010    -0.0000000000000000

     Dynamical Matrix in cartesian axes

     q = (    0.500000000000   0.500000000000   -0.500000000000 )

    1    1
     0.0324292508846387    -0.0000000000000000        0.0050946820351768     0.0000000000000000       -0.0050946820351768    -0.0000000000000000
     0.0050946820351768    -0.0000000000000000        0.0324292508846386     0.0000000000000000       -0.0050946820351768     0.0000000000000000
    -0.0050946820351768     0.0000000000000000       -0.0050946820351768    -0.0000000000000000        0.0324292508846389     0.0000000000000000
    1    2
    -0.0000000000000000    -0.0000000000000000        0.0000000000000000     0.0000000000000000       -0.0000000000000000    -0.0000000000000000
    -0.0000000000000000    -0.0000000000000000        0.0000000000000000     0.0000000000000000        0.0000000000000000     0.0000000000000000
     0.0000000000000000     0.0000000000000000       -0.0000000000000000     0.0000000000000000        0.0000000000000000     0.0000000000000000
    2    1
    -0.0000000000000000     0.0000000000000000       -0.0000000000000000     0.0000000000000000        0.0000000000000000    -0.0000000000000000
     0.0000000000000000    -0.0000000000000000        0.0000000000000000    -0.0000000000000000       -0.0000000000000000    -0.0000000000000000
    -0.0000000000000000     0.0000000000000000        0.0000000000000000    -0.0000000000000000        0.0000000000000000    -0.0000000000000000
    2    2
     0.0342788583656009     0.0000000000000000        0.0245194309596498     0.0000000000000000       -0.0245194309596498    -0.0000000000000000
     0.0245194309596498    -0.0000000000000000        0.0342788583656008    -0.0000000000000000       -0.0245194309596498    -0.0000000000000000
    -0.0245194309596498     0.0000000000000000       -0.0245194309596498     0.0000000000000000        0.0342788583656010     0.0000000000000000

     Dynamical Matrix in cartesian axes

     q = (    -0.500000000000   -0.500000000000   -0.500000000000 )

    1    1
     0.0324292508846387     0.0000000000000000        0.0050946820351768     0.0000000000000000        0.0050946820351768     0.0000000000000000
     0.0050946820351768    -0.0000000000000000        0.0324292508846386     0.0000000000000000        0.0050946820351768     0.0000000000000000
     0.0050946820351768    -0.0000000000000000        0.0050946820351768    -0.0000000000000000        0.0324292508846389    -0.0000000000000000
    1    2
     0.0000000000000000     0.0000000000000000       -0.0000000000000000     0.0000000000000000        0.0000000000000000    -0.0000000000000000
     0.0000000000000000    -0.0000000000000000       -0.0000000000000000    -0.0000000000000000        0.0000000000000000    -0.0000000000000000
     0.0000000000000000    -0.0000000000000000       -0.0000000000000000     0.0000000000000000        0.0000000000000000    -0.0000000000000000
    2    1
     0.0000000000000000    -0.0000000000000000        0.0000000000000000     0.0000000000000000        0.0000000000000000     0.0000000000000000
    -0.0000000000000000    -0.0000000000000000       -0.0000000000000000     0.0000000000000000       -0.0000000000000000    -0.0000000000000000
     0.0000000000000000     0.0000000000000000        0.0000000000000000     0.0000000000000000        0.0000000000000000     0.0000000000000000
    2    2
     0.0342788583656009     0.0000000000000000        0.0245194309596498     0.0000000000000000        0.0245194309596498     0.0000000000000000
     0.0245194309596498    -0.0000000000000000        0.0342788583656008     0.0000000000000000        0.0245194309596498     0.0000000000000000
     0.0245194309596498    -0.0000000000000000        0.0245194309596498    -0.0000000000000000        0.0342788583656010     0.0000000000000000

     Dynamical Matrix in cartesian axes

     q = (    0.500000000000   -0.500000000000   -0.500000000000 )

    1    1
     0.0324292508846387    -0.0000000000000000       -0.0050946820351768     0.0000000000000000       -0.0050946820351768    -0.0000000000000000
    -0.0050946820351768    -0.0000000000000000        0.0324292508846386     0.0000000000000000        0.0050946820351768     0.0000000000000000
    -0.0050946820351768     0.0000000000000000        0.0050946820351768    -0.0000000000000000        0.0324292508846389     0.0000000000000000
    1    2
     0.0000000000000000     0.0000000000000000       -0.0000000000000000     0.0000000000000000        0.0000000000000000    -0.0000000000000000
    -0.0000000000000000     0.0000000000000000       -0.0000000000000000    -0.0000000000000000       -0.0000000000000000     0.0000000000000000
    -0.0000000000000000     0.0000000000000000        0.0000000000000000     0.0000000000000000       -0.0000000000000000    -0.0000000000000000
    2    1
     0.0000000000000000    -0.0000000000000000       -0.0000000000000000    -0.0000000000000000       -0.0000000000000000    -0.0000000000000000
    -0.0000000000000000    -0.0000000000000000       -0.0000000000000000     0.0000000000000000        0.0000000000000000    -0.0000000000000000
     0.0000000000000000     0.0000000000000000       -0.0000000000000000    -0.0000000000000000       -0.0000000000000000     0.0000000000000000
    2    2
     0.0342788583656009    -0.0000000000000000       -0.0245194309596498     0.0000000000000000       -0.0245194309596498     0.0000000000000000
    -0.0245194309596498    -0.0000000000000000        0.0342788583656008     0.0000000000000000        0.0245194309596498     0.0000000000000000
    -0.0245194309596498    -0.0000000000000000        0.0245194309596498    -0.0000000000000000        0.0342788583656010     0.0000000000000000

     Diagonalizing the dynamical matrix

     q = (    0.500000000000   -0.500000000000   0.500000000000 )

***************************************************************************
   freq (    1) =     0.98804958 [THz] =    32.95778171 [cm-1]
(  -0.000000  0.000000  -0.000000  0.000000  -0.000000  0.000000 )
(  -0.598147  0.016542  -0.780024  0.020372  -0.181878  0.020372 )
   freq (    2) =     0.98804958 [THz] =    32.95778171 [cm-1]
(  -0.000000  0.000000   0.000000  0.000000   0.000000  0.000000 )
(   0.545926  0.102855  -0.236045 -0.045786  -0.781971 -0.045786 )
   freq (    3) =     1.59492769 [THz] =    53.20105362 [cm-1]
(   0.476288  0.000000   0.812480 -0.000000   0.336192 -0.000000 )
(  -0.000000  0.000000  -0.000000 -0.000000  -0.000000 -0.000000 )
   freq (    4) =     1.59492769 [THz] =    53.20105362 [cm-1]
(   0.663186  0.000000  -0.080885  0.000000  -0.744071  0.000000 )
(   0.000000  0.000000   0.000000  0.000000  -0.000000  0.000000 )
   freq (    5) =     1.99151944 [THz] =    66.42992852 [cm-1]
(  -0.577350  0.000000   0.577350  0.000000  -0.577350  0.000000 )
(  -0.000000 -0.000000   0.000000 -0.000000  -0.000000 -0.000000 )
   freq (    6) =     2.88692338 [THz] =    96.29738486 [cm-1]
(   0.000000  0.000000  -0.000000  0.000000  -0.000000  0.000000 )
(  -0.577303  0.007369   0.577303 -0.007369  -0.577303 -0.007369 )
***************************************************************************
