Dynamical matrix file
File generated with the CellConstructor by Lorenzo Monacelli
2 2 0    12.4000000000000004     0.0000000000000000     0.0000000000000000     0.0000000000000000     0.0000000000000000     0.0000000000000000
Basis vectors
   -0.5000000000000000     0.0000000000000000     0.5000000000000000
    0.0000000000000000     0.5000000000000000     0.5000000000000000
   -0.5000000000000000     0.5000000000000000     0.0000000000000000
	1  'Te '  116300.2852960780001013
	2  'Sn '  108197.5459835219953675
    1     1    -0.2500000000000000    -0.2500000000000000    -0.2500000000000000
    2     2     0.2500000000000000     0.2500000000000000     0.2500000000000000

     Dynamical Matrix in cartesian axes

     q = (    0.000000000000   -1.000000000000   0.000000000000 )

    1    1
     0.0335870321203679    -0.0000000000000000        0.0000000000000000    -0.0000000000000000       -0.0000000000000000    -0.0000000000000000
     0.0000000000000000     0.0000000000000000        0.0452522998692654     0.0000000000000000        0.0000000000000000    -0.0000000000000000
    -0.0000000000000000     0.0000000000000000        0.0000000000000000     0.0000000000000000        0.0335870321203678     0.0000000000000000
    1    2
     0.0040569142086301     0.0000000004652957       -0.0000000000000000    -0.0000000000000000       -0.0000000000000000     0.0000000000000000
    -0.0000000000000000     0.0000000000000000        0.0051679562998402    -0.0000000002082324       -0.0000000000000000    -0.0000000000000000
    -0.0000000000000000     0.0000000000000000        0.0000000000000000     0.0000000000000000        0.0040569142086301     0.0000000004652957
    2    1
     0.0040569142086301    -0.0000000004652957       -0.0000000000000000     0.0000000000000000       -0.0000000000000000    -0.0000000000000000
    -0.0000000000000000    -0.0000000000000000        0.0051679562998402     0.0000000002082324        0.0000000000000000     0.0000000000000000
    -0.0000000000000000    -0.0000000000000000       -0.0000000000000000    -0.0000000000000000        0.0040569142086301    -0.0000000004652957
    2    2
     0.0115442417348132     0.0000000000000000        0.0000000000000000    -0.0000000000000000        0.0000000000000000     0.0000000000000000
     0.0000000000000000     0.0000000000000000        0.0139023681156161     0.0000000000000000        0.0000000000000000    -0.0000000000000000
     0.0000000000000000    -0.0000000000000000        0.0000000000000000     0.0000000000000000        0.0115442417348132     0.0000000000000000

     Dynamical Matrix in cartesian axes

     q = (    -1.000000000000   0.000000000000   0.000000000000 )

    1    1
     0.0452522998692654    -0.0000000000000000        0.0000000000000000     0.0000000000000000       -0.0000000000000000    -0.0000000000000000
     0.0000000000000000    -0.0000000000000000        0.0335870321203679    -0.0000000000000000        0.0000000000000000     0.0000000000000000
    -0.0000000000000000     0.0000000000000000        0.0000000000000000     0.0000000000000000        0.0335870321203678    -0.0000000000000000
    1    2
     0.0051679562998402    -0.0000000002082324       -0.0000000000000000    -0.0000000000000000        0.0000000000000000    -0.0000000000000000
     0.0000000000000000    -0.0000000000000000        0.0040569142086301     0.0000000004652957        0.0000000000000000    -0.0000000000000000
     0.0000000000000000    -0.0000000000000000       -0.0000000000000000    -0.0000000000000000        0.0040569142086301     0.0000000004652957
    2    1
     0.0051679562998402     0.0000000002082324        0.0000000000000000     0.0000000000000000        0.0000000000000000     0.0000000000000000
    -0.0000000000000000     0.0000000000000000        0.0040569142086301    -0.0000000004652957       -0.0000000000000000     0.0000000000000000
     0.0000000000000000     0.0000000000000000        0.0000000000000000     0.0000000000000000        0.0040569142086301    -0.0000000004652957
    2    2
     0.0139023681156161     0.0000000000000000        0.0000000000000000    -0.0000000000000000       -0.0000000000000000    -0.0000000000000000
     0.0000000000000000     0.0000000000000000        0.0115442417348132     0.0000000000000000        0.0000000000000000    -0.0000000000000000
    -0.0000000000000000     0.0000000000000000        0.0000000000000000     0.0000000000000000        0.0115442417348132     0.0000000000000000

     Dynamical Matrix in cartesian axes

     q = (    0.000000000000   0.000000000000   1.000000000000 )

    1    1
     0.0335870321203679     0.0000000000000000        0.0000000000000000     0.0000000000000000       -0.0000000000000000     0.0000000000000000
     0.0000000000000000    -0.0000000000000000        0.0335870321203679     0.0000000000000000       -0.0000000000000000     0.0000000000000000
    -0.0000000000000000    -0.0000000000000000       -0.0000000000000000    -0.0000000000000000        0.0452522998692653    -0.0000000000000000
    1    2
     0.0040569142086301     0.0000000004652957        0.0000000000000000     0.0000000000000000       -0.0000000000000000     0.0000000000000000
     0.0000000000000000     0.0000000000000000        0.0040569142086301     0.0000000004652957        0.0000000000000000     0.0000000000000000
    -0.0000000000000000     0.0000000000000000       -0.0000000000000000     0.0000000000000000        0.0051679562998402    -0.0000000002082324
    2    1
     0.0040569142086301    -0.0000000004652957        0.0000000000000000    -0.0000000000000000       -0.0000000000000000    -0.0000000000000000
     0.0000000000000000    -0.0000000000000000        0.0040569142086301    -0.0000000004652957       -0.0000000000000000    -0.0000000000000000
    -0.0000000000000000    -0.0000000000000000        0.0000000000000000    -0.0000000000000000        0.0051679562998402     0.0000000002082324
    2    2
     0.0115442417348132     0.0000000000000000        0.0000000000000000     0.0000000000000000       -0.0000000000000000     0.0000000000000000
     0.0000000000000000    -0.0000000000000000        0.0115442417348132     0.0000000000000000        0.0000000000000000    -0.0000000000000000
    -0.0000000000000000    -0.0000000000000000        0.0000000000000000     0.0000000000000000        0.0139023681156162    -0.0000000000000000

     Diagonalizing the dynamical matrix

     q = (    0.000000000000   -1.000000000000   0.000000000000 )

***************************************************************************
   freq (    1) =     1.03917554 [THz] =    34.66315979 [cm-1]
(   0.187204  0.000000  -0.000000  0.000000  -0.016439  0.000000 )
(  -0.978418  0.000000   0.000000 -0.000000   0.085921 -0.000000 )
   freq (    2) =     1.03917554 [THz] =    34.66315979 [cm-1]
(   0.016439  0.000000  -0.000000  0.000000   0.187204  0.000000 )
(  -0.085921  0.000000   0.000000 -0.000000  -0.978418 -0.000000 )
   freq (    3) =     1.14241501 [THz] =    38.10685733 [cm-1]
(  -0.000000  0.000000  -0.169104  0.000000  -0.000000  0.000000 )
(   0.000000 -0.000000   0.985598 -0.000000   0.000000 -0.000000 )
   freq (    4) =     1.78900808 [THz] =    59.67487763 [cm-1]
(   0.597011  0.000000   0.000000  0.000000   0.779912  0.000000 )
(   0.114228 -0.000000   0.000000 -0.000000   0.149223 -0.000000 )
   freq (    5) =     1.78900808 [THz] =    59.67487763 [cm-1]
(   0.779912 -0.000000  -0.000000  0.000000  -0.597011  0.000000 )
(   0.149223 -0.000000  -0.000000  0.000000  -0.114228  0.000000 )
   freq (    6) =     2.07287125 [THz] =    69.14353239 [cm-1]
(  -0.000000  0.000000  -0.985598  0.000000   0.000000  0.000000 )
(   0.000000 -0.000000  -0.169104 -0.000000   0.000000 -0.000000 )
***************************************************************************
