Dynamical matrix file
File generated with the CellConstructor by Lorenzo Monacelli
2 2 0    12.4000000000000004     0.0000000000000000     0.0000000000000000     0.0000000000000000     0.0000000000000000     0.0000000000000000
Basis vectors
   -0.5000000000000000     0.0000000000000000     0.5000000000000000
    0.0000000000000000     0.5000000000000000     0.5000000000000000
   -0.5000000000000000     0.5000000000000000     0.0000000000000000
	1  'Te '  116300.2852960780001013
	2  'Sn '  108197.5459835219953675
    1     1    -0.2500000000000000    -0.2500000000000000    -0.2500000000000000
    2     2     0.2500000000000000     0.2500000000000000     0.2500000000000000

     Dynamical Matrix in cartesian axes

     q = (    0.000000000000   -1.000000000000   0.000000000000 )

    1    1
     0.0306577052383116     0.0000000000000000       -0.0000000000000000     0.0000000000000000        0.0000000000000000     0.0000000000000000
    -0.0000000000000000    -0.0000000000000000        0.0430174774661299    -0.0000000000000000        0.0000000000000000     0.0000000000000000
     0.0000000000000000    -0.0000000000000000        0.0000000000000000    -0.0000000000000000        0.0306577052383116    -0.0000000000000000
    1    2
     0.0022060375980200     0.0000000002754043        0.0000000000000000     0.0000000000000000       -0.0000000000000000    -0.0000000000000000
    -0.0000000000000000     0.0000000000000000        0.0050860252493124    -0.0000000000548157        0.0000000000000000    -0.0000000000000000
    -0.0000000000000000    -0.0000000000000000        0.0000000000000000     0.0000000000000000        0.0022060375980200     0.0000000002754043
    2    1
     0.0022060375980200    -0.0000000002754043       -0.0000000000000000    -0.0000000000000000       -0.0000000000000000     0.0000000000000000
     0.0000000000000000    -0.0000000000000000        0.0050860252493124     0.0000000000548157        0.0000000000000000     0.0000000000000000
    -0.0000000000000000     0.0000000000000000        0.0000000000000000    -0.0000000000000000        0.0022060375980200    -0.0000000002754043
    2    2
     0.0089332681391801     0.0000000000000000        0.0000000000000000     0.0000000000000000       -0.0000000000000000    -0.0000000000000000
     0.0000000000000000    -0.0000000000000000        0.0128131486666971     0.0000000000000000       -0.0000000000000000     0.0000000000000000
    -0.0000000000000000     0.0000000000000000        0.0000000000000000    -0.0000000000000000        0.0089332681391801     0.0000000000000000

     Dynamical Matrix in cartesian axes

     q = (    -1.000000000000   0.000000000000   0.000000000000 )

    1    1
     0.0430174774661299     0.0000000000000000       -0.0000000000000000     0.0000000000000000        0.0000000000000000     0.0000000000000000
    -0.0000000000000000    -0.0000000000000000        0.0306577052383116    -0.0000000000000000       -0.0000000000000000    -0.0000000000000000
    -0.0000000000000000    -0.0000000000000000       -0.0000000000000000    -0.0000000000000000        0.0306577052383116     0.0000000000000000
    1    2
     0.0050860252493124    -0.0000000000548157       -0.0000000000000000    -0.0000000000000000       -0.0000000000000000    -0.0000000000000000
     0.0000000000000000    -0.0000000000000000        0.0022060375980200     0.0000000002754043        0.0000000000000000    -0.0000000000000000
     0.0000000000000000    -0.0000000000000000        0.0000000000000000    -0.0000000000000000        0.0022060375980200     0.0000000002754043
    2    1
     0.0050860252493124     0.0000000000548157        0.0000000000000000     0.0000000000000000        0.0000000000000000     0.0000000000000000
    -0.0000000000000000     0.0000000000000000        0.0022060375980200    -0.0000000002754043        0.0000000000000000     0.0000000000000000
    -0.0000000000000000     0.0000000000000000        0.0000000000000000     0.0000000000000000        0.0022060375980200    -0.0000000002754043
    2    2
     0.0128131486666971    -0.0000000000000000        0.0000000000000000    -0.0000000000000000        0.0000000000000000     0.0000000000000000
     0.0000000000000000     0.0000000000000000        0.0089332681391801    -0.0000000000000000        0.0000000000000000    -0.0000000000000000
     0.0000000000000000    -0.0000000000000000        0.0000000000000000     0.0000000000000000        0.0089332681391801    -0.0000000000000000

     Dynamical Matrix in cartesian axes

     q = (    0.000000000000   0.000000000000   1.000000000000 )

    1    1
     0.0306577052383116     0.0000000000000000       -0.0000000000000000     0.0000000000000000        0.0000000000000000    -0.0000000000000000
     0.0000000000000000    -0.0000000000000000        0.0306577052383116    -0.0000000000000000        0.0000000000000000     0.0000000000000000
    -0.0000000000000000     0.0000000000000000       -0.0000000000000000    -0.0000000000000000        0.0430174774661299    -0.0000000000000000
    1    2
     0.0022060375980200     0.0000000002754043       -0.0000000000000000     0.0000000000000000        0.0000000000000000     0.0000000000000000
    -0.0000000000000000    -0.0000000000000000        0.0022060375980200     0.0000000002754043       -0.0000000000000000     0.0000000000000000
    -0.0000000000000000     0.0000000000000000       -0.0000000000000000     0.0000000000000000        0.0050860252493124    -0.0000000000548157
    2    1
     0.0022060375980200    -0.0000000002754043       -0.0000000000000000     0.0000000000000000       -0.0000000000000000    -0.0000000000000000
    -0.0000000000000000    -0.0000000000000000        0.0022060375980200    -0.0000000002754043       -0.0000000000000000    -0.0000000000000000
     0.0000000000000000    -0.0000000000000000       -0.0000000000000000    -0.0000000000000000        0.0050860252493124     0.0000000000548157
    2    2
     0.0089332681391801    -0.0000000000000000       -0.0000000000000000    -0.0000000000000000        0.0000000000000000     0.0000000000000000
    -0.0000000000000000     0.0000000000000000        0.0089332681391801    -0.0000000000000000        0.0000000000000000    -0.0000000000000000
     0.0000000000000000    -0.0000000000000000        0.0000000000000000     0.0000000000000000        0.0128131486666971    -0.0000000000000000

     Diagonalizing the dynamical matrix

     q = (    0.000000000000   -1.000000000000   0.000000000000 )

***************************************************************************
   freq (    1) =     0.93313820 [THz] =    31.12613557 [cm-1]
(  -0.104538  0.000000   0.000000 -0.000000  -0.021665 -0.000000 )
(   0.973597 -0.000000  -0.000000  0.000000   0.201771  0.000000 )
   freq (    2) =     0.93313820 [THz] =    31.12613557 [cm-1]
(   0.021665  0.000000   0.000000 -0.000000  -0.104538 -0.000000 )
(  -0.201771  0.000000  -0.000000  0.000000   0.973597  0.000000 )
   freq (    3) =     1.09358667 [THz] =    36.47811948 [cm-1]
(  -0.000000  0.000000  -0.172187  0.000000   0.000000  0.000000 )
(   0.000000 -0.000000   0.985064 -0.000000   0.000000 -0.000000 )
   freq (    4) =     1.69584905 [THz] =    56.56742739 [cm-1]
(   0.899351 -0.000000   0.000000  0.000000  -0.423994  0.000000 )
(   0.096566 -0.000000   0.000000 -0.000000  -0.045525 -0.000000 )
   freq (    5) =     1.69584905 [THz] =    56.56742739 [cm-1]
(  -0.423994  0.000000   0.000000  0.000000  -0.899351  0.000000 )
(  -0.045525  0.000000  -0.000000 -0.000000  -0.096566 -0.000000 )
   freq (    6) =     2.02213855 [THz] =    67.45127207 [cm-1]
(  -0.000000  0.000000   0.985064 -0.000000  -0.000000 -0.000000 )
(  -0.000000  0.000000   0.172187  0.000000  -0.000000  0.000000 )
***************************************************************************
