Dynamical matrix file
File generated with the CellConstructor by Lorenzo Monacelli
2 2 0    12.4000000000000004     0.0000000000000000     0.0000000000000000     0.0000000000000000     0.0000000000000000     0.0000000000000000
Basis vectors
   -0.5000000000000000     0.0000000000000000     0.5000000000000000
    0.0000000000000000     0.5000000000000000     0.5000000000000000
   -0.5000000000000000     0.5000000000000000     0.0000000000000000
	1  'Te '  116300.2852960780001013
	2  'Sn '  108197.5459835219953675
    1     1    -0.2500000000000000    -0.2500000000000000    -0.2500000000000000
    2     2     0.2500000000000000     0.2500000000000000     0.2500000000000000

     Dynamical Matrix in cartesian axes

     q = (    0.000000000000   -1.000000000000   0.000000000000 )

    1    1
     0.0310664555812968     0.0000000000000000        0.0000000000000000     0.0000000000000000       -0.0000000000000000     0.0000000000000000
     0.0000000000000000    -0.0000000000000000        0.0432493909951788     0.0000000000000000       -0.0000000000000000    -0.0000000000000000
    -0.0000000000000000     0.0000000000000000       -0.0000000000000000     0.0000000000000000        0.0310664555812968     0.0000000000000000
    1    2
     0.0022750116132738     0.0000000003381353       -0.0000000000000000     0.0000000000000000       -0.0000000000000000    -0.0000000000000000
    -0.0000000000000000    -0.0000000000000000        0.0053284121672311    -0.0000000000976936        0.0000000000000000    -0.0000000000000000
     0.0000000000000000    -0.0000000000000000        0.0000000000000000    -0.0000000000000000        0.0022750116132738     0.0000000003381353
    2    1
     0.0022750116132738    -0.0000000003381353       -0.0000000000000000    -0.0000000000000000        0.0000000000000000     0.0000000000000000
    -0.0000000000000000    -0.0000000000000000        0.0053284121672311     0.0000000000976936        0.0000000000000000     0.0000000000000000
    -0.0000000000000000     0.0000000000000000        0.0000000000000000     0.0000000000000000        0.0022750116132738    -0.0000000003381353
    2    2
     0.0091744592333959    -0.0000000000000000       -0.0000000000000000    -0.0000000000000000        0.0000000000000000     0.0000000000000000
    -0.0000000000000000     0.0000000000000000        0.0129472554339211    -0.0000000000000000       -0.0000000000000000    -0.0000000000000000
     0.0000000000000000    -0.0000000000000000       -0.0000000000000000    -0.0000000000000000        0.0091744592333958     0.0000000000000000

     Dynamical Matrix in cartesian axes

     q = (    -1.000000000000   0.000000000000   0.000000000000 )

    1    1
     0.0432493909951788    -0.0000000000000000        0.0000000000000000     0.0000000000000000        0.0000000000000000    -0.0000000000000000
     0.0000000000000000    -0.0000000000000000        0.0310664555812968    -0.0000000000000000        0.0000000000000000     0.0000000000000000
     0.0000000000000000     0.0000000000000000        0.0000000000000000    -0.0000000000000000        0.0310664555812968    -0.0000000000000000
    1    2
     0.0053284121672311    -0.0000000000976936       -0.0000000000000000     0.0000000000000000       -0.0000000000000000     0.0000000000000000
    -0.0000000000000000     0.0000000000000000        0.0022750116132738     0.0000000003381353       -0.0000000000000000     0.0000000000000000
    -0.0000000000000000     0.0000000000000000       -0.0000000000000000     0.0000000000000000        0.0022750116132738     0.0000000003381353
    2    1
     0.0053284121672311     0.0000000000976936       -0.0000000000000000    -0.0000000000000000       -0.0000000000000000    -0.0000000000000000
    -0.0000000000000000    -0.0000000000000000        0.0022750116132738    -0.0000000003381353       -0.0000000000000000    -0.0000000000000000
    -0.0000000000000000    -0.0000000000000000       -0.0000000000000000    -0.0000000000000000        0.0022750116132738    -0.0000000003381353
    2    2
     0.0129472554339211     0.0000000000000000       -0.0000000000000000     0.0000000000000000        0.0000000000000000    -0.0000000000000000
    -0.0000000000000000    -0.0000000000000000        0.0091744592333959     0.0000000000000000       -0.0000000000000000    -0.0000000000000000
    -0.0000000000000000     0.0000000000000000       -0.0000000000000000     0.0000000000000000        0.0091744592333958    -0.0000000000000000

     Dynamical Matrix in cartesian axes

     q = (    0.000000000000   0.000000000000   1.000000000000 )

    1    1
     0.0310664555812968     0.0000000000000000       -0.0000000000000000     0.0000000000000000        0.0000000000000000     0.0000000000000000
    -0.0000000000000000    -0.0000000000000000        0.0310664555812968    -0.0000000000000000       -0.0000000000000000    -0.0000000000000000
    -0.0000000000000000    -0.0000000000000000       -0.0000000000000000    -0.0000000000000000        0.0432493909951788    -0.0000000000000000
    1    2
     0.0022750116132738     0.0000000003381353       -0.0000000000000000     0.0000000000000000        0.0000000000000000     0.0000000000000000
    -0.0000000000000000    -0.0000000000000000        0.0022750116132738     0.0000000003381353        0.0000000000000000     0.0000000000000000
    -0.0000000000000000     0.0000000000000000        0.0000000000000000     0.0000000000000000        0.0053284121672311    -0.0000000000976936
    2    1
     0.0022750116132738    -0.0000000003381353       -0.0000000000000000    -0.0000000000000000        0.0000000000000000    -0.0000000000000000
    -0.0000000000000000     0.0000000000000000        0.0022750116132738    -0.0000000003381353        0.0000000000000000    -0.0000000000000000
     0.0000000000000000    -0.0000000000000000       -0.0000000000000000    -0.0000000000000000        0.0053284121672311     0.0000000000976936
    2    2
     0.0091744592333959     0.0000000000000000        0.0000000000000000    -0.0000000000000000        0.0000000000000000     0.0000000000000000
     0.0000000000000000     0.0000000000000000        0.0091744592333959    -0.0000000000000000       -0.0000000000000000    -0.0000000000000000
     0.0000000000000000    -0.0000000000000000       -0.0000000000000000     0.0000000000000000        0.0129472554339211    -0.0000000000000000

     Diagonalizing the dynamical matrix

     q = (    0.000000000000   -1.000000000000   0.000000000000 )

***************************************************************************
   freq (    1) =     0.94530771 [THz] =    31.53206668 [cm-1]
(   0.035771  0.000000  -0.000000 -0.000000  -0.103208 -0.000000 )
(  -0.325518  0.000000   0.000000 -0.000000   0.939205 -0.000000 )
   freq (    2) =     0.94530771 [THz] =    31.53206668 [cm-1]
(  -0.103208  0.000000  -0.000000  0.000000  -0.035771  0.000000 )
(   0.939205 -0.000000   0.000000 -0.000000   0.325518 -0.000000 )
   freq (    3) =     1.09613399 [THz] =    36.56308901 [cm-1]
(  -0.000000  0.000000   0.179144 -0.000000   0.000000 -0.000000 )
(   0.000000 -0.000000  -0.983823  0.000000   0.000000  0.000000 )
   freq (    4) =     1.70739850 [THz] =    56.95267548 [cm-1]
(   0.136633 -0.000000   0.000000  0.000000   0.984581  0.000000 )
(   0.015014 -0.000000   0.000000  0.000000   0.108194  0.000000 )
   freq (    5) =     1.70739850 [THz] =    56.95267548 [cm-1]
(  -0.984581  0.000000   0.000000  0.000000   0.136633  0.000000 )
(  -0.108194  0.000000   0.000000  0.000000   0.015014  0.000000 )
   freq (    6) =     2.02939976 [THz] =    67.69347993 [cm-1]
(   0.000000  0.000000  -0.983823  0.000001   0.000000  0.000001 )
(   0.000000 -0.000000  -0.179144  0.000000   0.000000  0.000000 )
***************************************************************************
