Dynamical matrix file
File generated with the CellConstructor by Lorenzo Monacelli
2 2 0    12.4000000000000004     0.0000000000000000     0.0000000000000000     0.0000000000000000     0.0000000000000000     0.0000000000000000
Basis vectors
   -0.5000000000000000     0.0000000000000000     0.5000000000000000
    0.0000000000000000     0.5000000000000000     0.5000000000000000
   -0.5000000000000000     0.5000000000000000     0.0000000000000000
	1  'Te '  116300.2852960780001013
	2  'Sn '  108197.5459835219953675
    1     1    -0.2500000000000000    -0.2500000000000000    -0.2500000000000000
    2     2     0.2500000000000000     0.2500000000000000     0.2500000000000000

     Dynamical Matrix in cartesian axes

     q = (    0.000000000000   0.000000000000   0.000000000000 )

    1    1
    -0.0003055823416080     0.0000000000000000       -0.0000000000000000     0.0000000000000000        0.0000000000000000     0.0000000000000000
    -0.0000000000000000     0.0000000000000000       -0.0003055823416080     0.0000000000000000       -0.0000000000000000     0.0000000000000000
     0.0000000000000000     0.0000000000000000       -0.0000000000000000     0.0000000000000000       -0.0003055823416080     0.0000000000000000
    1    2
     0.0003055823416080     0.0000000000000000        0.0000000000000000     0.0000000000000000        0.0000000000000000     0.0000000000000000
     0.0000000000000000     0.0000000000000000        0.0003055823416080     0.0000000000000000       -0.0000000000000000     0.0000000000000000
    -0.0000000000000000     0.0000000000000000        0.0000000000000000     0.0000000000000000        0.0003055823416080     0.0000000000000000
    2    1
     0.0003055823416080     0.0000000000000000        0.0000000000000000     0.0000000000000000       -0.0000000000000000     0.0000000000000000
     0.0000000000000000     0.0000000000000000        0.0003055823416080     0.0000000000000000        0.0000000000000000     0.0000000000000000
    -0.0000000000000000     0.0000000000000000       -0.0000000000000000     0.0000000000000000        0.0003055823416080     0.0000000000000000
    2    2
    -0.0003055823416080     0.0000000000000000        0.0000000000000000     0.0000000000000000       -0.0000000000000000     0.0000000000000000
    -0.0000000000000000     0.0000000000000000       -0.0003055823416080     0.0000000000000000        0.0000000000000000     0.0000000000000000
     0.0000000000000000     0.0000000000000000        0.0000000000000000     0.0000000000000000       -0.0003055823416080     0.0000000000000000

     Diagonalizing the dynamical matrix

     q = (    0.000000000000   0.000000000000   0.000000000000 )

***************************************************************************
   freq (    1) =    -0.24291055 [THz] =    -8.10262270 [cm-1]
(  -0.184211  0.000000  -0.046055  0.000000   0.667756  0.000000 )
(   0.190985  0.000000   0.047749  0.000000  -0.692309  0.000000 )
   freq (    2) =    -0.24291055 [THz] =    -8.10262270 [cm-1]
(   0.620236  0.000000   0.248640  0.000000   0.188251  0.000000 )
(  -0.643041  0.000000  -0.257782  0.000000  -0.195173  0.000000 )
   freq (    3) =    -0.24291055 [THz] =    -8.10262270 [cm-1]
(   0.251648  0.000000  -0.646537  0.000000   0.024829  0.000000 )
(  -0.260900  0.000000   0.670309  0.000000  -0.025742  0.000000 )
   freq (    4) =    -0.00000002 [THz] =    -0.00000064 [cm-1]
(   0.313408  0.000000   0.647765  0.000000  -0.014890  0.000000 )
(   0.302293  0.000000   0.624793  0.000000  -0.014362  0.000000 )
   freq (    5) =    -0.00000002 [THz] =    -0.00000055 [cm-1]
(  -0.375741  0.000000   0.195174  0.000000   0.582041  0.000000 )
(  -0.362416  0.000000   0.188252  0.000000   0.561399  0.000000 )
   freq (    6) =    -0.00000001 [THz] =    -0.00000030 [cm-1]
(  -0.527864  0.000000   0.245669  0.000000  -0.423146  0.000000 )
(  -0.509143  0.000000   0.236957  0.000000  -0.408140  0.000000 )
***************************************************************************
