Dynamical matrix file
File generated with the CellConstructor by Lorenzo Monacelli
2 2 0    12.4000000000000004     0.0000000000000000     0.0000000000000000     0.0000000000000000     0.0000000000000000     0.0000000000000000
Basis vectors
   -0.5000000000000000     0.0000000000000000     0.5000000000000000
    0.0000000000000000     0.5000000000000000     0.5000000000000000
   -0.5000000000000000     0.5000000000000000     0.0000000000000000
	1  'Te '  116300.2852960780001013
	2  'Sn '  108197.5459835219953675
    1     1    -0.2500000000000000    -0.2500000000000000    -0.2500000000000000
    2     2     0.2500000000000000     0.2500000000000000     0.2500000000000000

     Dynamical Matrix in cartesian axes

     q = (    0.500000000000   -0.500000000000   0.500000000000 )

    1    1
     0.0505846484906414    -0.0000000000000000       -0.0060205155884466     0.0000000000000000        0.0060205155884466     0.0000000000000000
    -0.0060205155884466    -0.0000000000000000        0.0505846484906421     0.0000000000000000       -0.0060205155884467    -0.0000000000000000
     0.0060205155884466    -0.0000000000000000       -0.0060205155884467     0.0000000000000000        0.0505846484906412     0.0000000000000000
    1    2
     0.0000000000000000    -0.0000000000000000       -0.0000000000000000    -0.0000000000000000       -0.0000000000000000    -0.0000000000000000
     0.0000000000000000     0.0000000000000000        0.0000000000000000     0.0000000000000000       -0.0000000000000000    -0.0000000000000000
    -0.0000000000000000    -0.0000000000000000       -0.0000000000000000    -0.0000000000000000       -0.0000000000000000    -0.0000000000000000
    2    1
     0.0000000000000000     0.0000000000000000        0.0000000000000000    -0.0000000000000000       -0.0000000000000000     0.0000000000000000
    -0.0000000000000000     0.0000000000000000        0.0000000000000000    -0.0000000000000000       -0.0000000000000000     0.0000000000000000
    -0.0000000000000000     0.0000000000000000       -0.0000000000000000     0.0000000000000000       -0.0000000000000000     0.0000000000000000
    2    2
     0.0457045041153235    -0.0000000000000000       -0.0242183896832770    -0.0000000000000000        0.0242183896832770     0.0000000000000000
    -0.0242183896832770     0.0000000000000000        0.0457045041153239    -0.0000000000000000       -0.0242183896832771     0.0000000000000000
     0.0242183896832770     0.0000000000000000       -0.0242183896832771    -0.0000000000000000        0.0457045041153234    -0.0000000000000000

     Dynamical Matrix in cartesian axes

     q = (    0.500000000000   0.500000000000   -0.500000000000 )

    1    1
     0.0505846484906415    -0.0000000000000000        0.0060205155884466    -0.0000000000000000       -0.0060205155884466     0.0000000000000000
     0.0060205155884466     0.0000000000000000        0.0505846484906421    -0.0000000000000000       -0.0060205155884467     0.0000000000000000
    -0.0060205155884466    -0.0000000000000000       -0.0060205155884467    -0.0000000000000000        0.0505846484906413    -0.0000000000000000
    1    2
     0.0000000000000000    -0.0000000000000000       -0.0000000000000000    -0.0000000000000000        0.0000000000000000     0.0000000000000000
    -0.0000000000000000    -0.0000000000000000        0.0000000000000000     0.0000000000000000        0.0000000000000000     0.0000000000000000
     0.0000000000000000     0.0000000000000000        0.0000000000000000     0.0000000000000000        0.0000000000000000     0.0000000000000000
    2    1
     0.0000000000000000     0.0000000000000000       -0.0000000000000000     0.0000000000000000        0.0000000000000000    -0.0000000000000000
    -0.0000000000000000     0.0000000000000000        0.0000000000000000    -0.0000000000000000        0.0000000000000000    -0.0000000000000000
     0.0000000000000000    -0.0000000000000000        0.0000000000000000    -0.0000000000000000        0.0000000000000000    -0.0000000000000000
    2    2
     0.0457045041153235     0.0000000000000000        0.0242183896832770    -0.0000000000000000       -0.0242183896832770    -0.0000000000000000
     0.0242183896832770     0.0000000000000000        0.0457045041153239     0.0000000000000000       -0.0242183896832771    -0.0000000000000000
    -0.0242183896832770     0.0000000000000000       -0.0242183896832771    -0.0000000000000000        0.0457045041153234    -0.0000000000000000

     Dynamical Matrix in cartesian axes

     q = (    -0.500000000000   -0.500000000000   -0.500000000000 )

    1    1
     0.0505846484906415    -0.0000000000000000        0.0060205155884466    -0.0000000000000000        0.0060205155884466    -0.0000000000000000
     0.0060205155884466     0.0000000000000000        0.0505846484906421     0.0000000000000000        0.0060205155884464     0.0000000000000000
     0.0060205155884466     0.0000000000000000        0.0060205155884464    -0.0000000000000000        0.0505846484906413     0.0000000000000000
    1    2
    -0.0000000000000000     0.0000000000000000        0.0000000000000000    -0.0000000000000000        0.0000000000000000    -0.0000000000000000
     0.0000000000000000    -0.0000000000000000        0.0000000000000000    -0.0000000000000000        0.0000000000000000    -0.0000000000000000
     0.0000000000000000    -0.0000000000000000        0.0000000000000000    -0.0000000000000000        0.0000000000000000    -0.0000000000000000
    2    1
    -0.0000000000000000    -0.0000000000000000        0.0000000000000000     0.0000000000000000        0.0000000000000000     0.0000000000000000
     0.0000000000000000     0.0000000000000000        0.0000000000000000     0.0000000000000000        0.0000000000000000     0.0000000000000000
     0.0000000000000000     0.0000000000000000        0.0000000000000000     0.0000000000000000        0.0000000000000000     0.0000000000000000
    2    2
     0.0457045041153235    -0.0000000000000000        0.0242183896832770     0.0000000000000000        0.0242183896832770    -0.0000000000000000
     0.0242183896832770    -0.0000000000000000        0.0457045041153239     0.0000000000000000        0.0242183896832770    -0.0000000000000000
     0.0242183896832770    -0.0000000000000000        0.0242183896832770     0.0000000000000000        0.0457045041153234    -0.0000000000000000

     Dynamical Matrix in cartesian axes

     q = (    0.500000000000   -0.500000000000   -0.500000000000 )

    1    1
     0.0505846484906415     0.0000000000000000       -0.0060205155884466     0.0000000000000000       -0.0060205155884466     0.0000000000000000
    -0.0060205155884466    -0.0000000000000000        0.0505846484906420    -0.0000000000000000        0.0060205155884465    -0.0000000000000000
    -0.0060205155884466    -0.0000000000000000        0.0060205155884465     0.0000000000000000        0.0505846484906413    -0.0000000000000000
    1    2
     0.0000000000000000     0.0000000000000000        0.0000000000000000    -0.0000000000000000       -0.0000000000000000     0.0000000000000000
    -0.0000000000000000     0.0000000000000000        0.0000000000000000    -0.0000000000000000       -0.0000000000000000     0.0000000000000000
    -0.0000000000000000     0.0000000000000000       -0.0000000000000000     0.0000000000000000       -0.0000000000000000    -0.0000000000000000
    2    1
     0.0000000000000000    -0.0000000000000000       -0.0000000000000000    -0.0000000000000000       -0.0000000000000000    -0.0000000000000000
     0.0000000000000000     0.0000000000000000        0.0000000000000000     0.0000000000000000       -0.0000000000000000    -0.0000000000000000
    -0.0000000000000000    -0.0000000000000000       -0.0000000000000000    -0.0000000000000000       -0.0000000000000000     0.0000000000000000
    2    2
     0.0457045041153235    -0.0000000000000000       -0.0242183896832770     0.0000000000000000       -0.0242183896832770    -0.0000000000000000
    -0.0242183896832770    -0.0000000000000000        0.0457045041153239    -0.0000000000000000        0.0242183896832770    -0.0000000000000000
    -0.0242183896832770     0.0000000000000000        0.0242183896832770     0.0000000000000000        0.0457045041153234    -0.0000000000000000

     Diagonalizing the dynamical matrix

     q = (    0.500000000000   -0.500000000000   0.500000000000 )

***************************************************************************
   freq (    1) =     1.46603896 [THz] =    48.90178886 [cm-1]
(   0.000000  0.000000   0.000000  0.000000   0.000000  0.000000 )
(  -0.630807 -0.007484   0.133482  0.001026   0.764288  0.001026 )
   freq (    2) =     1.46603896 [THz] =    48.90178886 [cm-1]
(  -0.000000  0.000000  -0.000000 -0.000000   0.000000 -0.000000 )
(   0.518348  0.003064   0.805501  0.004082   0.287153  0.004082 )
   freq (    3) =     2.03646812 [THz] =    67.92925470 [cm-1]
(   0.581641  0.000000  -0.205436  0.000000  -0.787077  0.000000 )
(  -0.000000  0.000000   0.000000  0.000000   0.000000  0.000000 )
   freq (    4) =     2.03646812 [THz] =    67.92925470 [cm-1]
(   0.573028  0.000000   0.790230 -0.000000   0.217202 -0.000000 )
(   0.000000  0.000000   0.000000 -0.000000  -0.000000 -0.000000 )
   freq (    5) =     2.41413254 [THz] =    80.52678222 [cm-1]
(   0.577350  0.000000  -0.577350 -0.000000   0.577350 -0.000000 )
(   0.000000  0.000000  -0.000000  0.000000  -0.000000  0.000000 )
   freq (    6) =     3.06871550 [THz] =   102.36131618 [cm-1]
(  -0.000000  0.000000  -0.000000  0.000000   0.000000  0.000000 )
(  -0.577325 -0.005429   0.577325  0.005429  -0.577325  0.005429 )
***************************************************************************
