Dynamical matrix file
File generated with the CellConstructor by Lorenzo Monacelli
2 2 0    12.4000000000000004     0.0000000000000000     0.0000000000000000     0.0000000000000000     0.0000000000000000     0.0000000000000000
Basis vectors
   -0.5000000000000000     0.0000000000000000     0.5000000000000000
    0.0000000000000000     0.5000000000000000     0.5000000000000000
   -0.5000000000000000     0.5000000000000000     0.0000000000000000
	1  'Te '  116300.2852960780001013
	2  'Sn '  108197.5459835219953675
    1     1    -0.2500000000000000    -0.2500000000000000    -0.2500000000000000
    2     2     0.2500000000000000     0.2500000000000000     0.2500000000000000

     Dynamical Matrix in cartesian axes

     q = (    0.500000000000   -0.500000000000   0.500000000000 )

    1    1
     0.0346787321474135    -0.0000000000000000       -0.0059727967408549    -0.0000000000000000        0.0059727967408549    -0.0000000000000000
    -0.0059727967408549     0.0000000000000000        0.0346787321474134     0.0000000000000000       -0.0059727967408549     0.0000000000000000
     0.0059727967408549    -0.0000000000000000       -0.0059727967408549     0.0000000000000000        0.0346787321474134    -0.0000000000000000
    1    2
     0.0000000000000000    -0.0000000000000000        0.0000000000000000     0.0000000000000000       -0.0000000000000000    -0.0000000000000000
    -0.0000000000000000    -0.0000000000000000       -0.0000000000000000     0.0000000000000000       -0.0000000000000000     0.0000000000000000
     0.0000000000000000     0.0000000000000000        0.0000000000000000     0.0000000000000000       -0.0000000000000000    -0.0000000000000000
    2    1
     0.0000000000000000     0.0000000000000000       -0.0000000000000000     0.0000000000000000        0.0000000000000000    -0.0000000000000000
     0.0000000000000000     0.0000000000000000       -0.0000000000000000    -0.0000000000000000        0.0000000000000000    -0.0000000000000000
    -0.0000000000000000     0.0000000000000000       -0.0000000000000000    -0.0000000000000000       -0.0000000000000000     0.0000000000000000
    2    2
     0.0360352804027339    -0.0000000000000000       -0.0247324654492105     0.0000000000000000        0.0247324654492105     0.0000000000000000
    -0.0247324654492105    -0.0000000000000000        0.0360352804027339    -0.0000000000000000       -0.0247324654492105    -0.0000000000000000
     0.0247324654492105    -0.0000000000000000       -0.0247324654492105     0.0000000000000000        0.0360352804027338     0.0000000000000000

     Dynamical Matrix in cartesian axes

     q = (    0.500000000000   0.500000000000   -0.500000000000 )

    1    1
     0.0346787321474135    -0.0000000000000000        0.0059727967408549     0.0000000000000000       -0.0059727967408549    -0.0000000000000000
     0.0059727967408549    -0.0000000000000000        0.0346787321474134     0.0000000000000000       -0.0059727967408549    -0.0000000000000000
    -0.0059727967408549     0.0000000000000000       -0.0059727967408549     0.0000000000000000        0.0346787321474134    -0.0000000000000000
    1    2
     0.0000000000000000    -0.0000000000000000       -0.0000000000000000    -0.0000000000000000        0.0000000000000000     0.0000000000000000
    -0.0000000000000000    -0.0000000000000000        0.0000000000000000     0.0000000000000000        0.0000000000000000     0.0000000000000000
     0.0000000000000000     0.0000000000000000       -0.0000000000000000    -0.0000000000000000        0.0000000000000000     0.0000000000000000
    2    1
     0.0000000000000000     0.0000000000000000       -0.0000000000000000     0.0000000000000000        0.0000000000000000    -0.0000000000000000
    -0.0000000000000000     0.0000000000000000        0.0000000000000000    -0.0000000000000000       -0.0000000000000000     0.0000000000000000
     0.0000000000000000    -0.0000000000000000        0.0000000000000000    -0.0000000000000000        0.0000000000000000    -0.0000000000000000
    2    2
     0.0360352804027339    -0.0000000000000000        0.0247324654492105     0.0000000000000000       -0.0247324654492105     0.0000000000000000
     0.0247324654492105    -0.0000000000000000        0.0360352804027339     0.0000000000000000       -0.0247324654492105    -0.0000000000000000
    -0.0247324654492105    -0.0000000000000000       -0.0247324654492105    -0.0000000000000000        0.0360352804027338    -0.0000000000000000

     Dynamical Matrix in cartesian axes

     q = (    -0.500000000000   -0.500000000000   -0.500000000000 )

    1    1
     0.0346787321474135     0.0000000000000000        0.0059727967408549     0.0000000000000000        0.0059727967408549    -0.0000000000000000
     0.0059727967408549    -0.0000000000000000        0.0346787321474134    -0.0000000000000000        0.0059727967408549     0.0000000000000000
     0.0059727967408549     0.0000000000000000        0.0059727967408549    -0.0000000000000000        0.0346787321474134     0.0000000000000000
    1    2
    -0.0000000000000000     0.0000000000000000        0.0000000000000000    -0.0000000000000000        0.0000000000000000    -0.0000000000000000
     0.0000000000000000    -0.0000000000000000       -0.0000000000000000    -0.0000000000000000       -0.0000000000000000    -0.0000000000000000
    -0.0000000000000000     0.0000000000000000       -0.0000000000000000     0.0000000000000000        0.0000000000000000    -0.0000000000000000
    2    1
    -0.0000000000000000    -0.0000000000000000        0.0000000000000000     0.0000000000000000       -0.0000000000000000    -0.0000000000000000
     0.0000000000000000     0.0000000000000000       -0.0000000000000000     0.0000000000000000       -0.0000000000000000    -0.0000000000000000
     0.0000000000000000     0.0000000000000000       -0.0000000000000000     0.0000000000000000        0.0000000000000000     0.0000000000000000
    2    2
     0.0360352804027339    -0.0000000000000000        0.0247324654492105    -0.0000000000000000        0.0247324654492105     0.0000000000000000
     0.0247324654492105     0.0000000000000000        0.0360352804027339    -0.0000000000000000        0.0247324654492105     0.0000000000000000
     0.0247324654492105    -0.0000000000000000        0.0247324654492105    -0.0000000000000000        0.0360352804027338    -0.0000000000000000

     Dynamical Matrix in cartesian axes

     q = (    0.500000000000   -0.500000000000   -0.500000000000 )

    1    1
     0.0346787321474135     0.0000000000000000       -0.0059727967408549     0.0000000000000000       -0.0059727967408549    -0.0000000000000000
    -0.0059727967408549    -0.0000000000000000        0.0346787321474135    -0.0000000000000000        0.0059727967408549    -0.0000000000000000
    -0.0059727967408549     0.0000000000000000        0.0059727967408548     0.0000000000000000        0.0346787321474134    -0.0000000000000000
    1    2
    -0.0000000000000000     0.0000000000000000       -0.0000000000000000     0.0000000000000000       -0.0000000000000000    -0.0000000000000000
     0.0000000000000000    -0.0000000000000000        0.0000000000000000    -0.0000000000000000       -0.0000000000000000    -0.0000000000000000
    -0.0000000000000000     0.0000000000000000        0.0000000000000000     0.0000000000000000       -0.0000000000000000    -0.0000000000000000
    2    1
    -0.0000000000000000    -0.0000000000000000        0.0000000000000000     0.0000000000000000       -0.0000000000000000    -0.0000000000000000
    -0.0000000000000000    -0.0000000000000000        0.0000000000000000     0.0000000000000000        0.0000000000000000    -0.0000000000000000
    -0.0000000000000000     0.0000000000000000       -0.0000000000000000     0.0000000000000000       -0.0000000000000000     0.0000000000000000
    2    2
     0.0360352804027339     0.0000000000000000       -0.0247324654492105    -0.0000000000000000       -0.0247324654492105     0.0000000000000000
    -0.0247324654492105    -0.0000000000000000        0.0360352804027339     0.0000000000000000        0.0247324654492105     0.0000000000000000
    -0.0247324654492105    -0.0000000000000000        0.0247324654492105    -0.0000000000000000        0.0360352804027338    -0.0000000000000000

     Diagonalizing the dynamical matrix

     q = (    0.500000000000   -0.500000000000   0.500000000000 )

***************************************************************************
   freq (    1) =     1.06330995 [THz] =    35.46819706 [cm-1]
(  -0.000000  0.000000  -0.000000 -0.000000  -0.000000 -0.000000 )
(   0.285269  0.018169  -0.518954 -0.022844  -0.804223 -0.022844 )
   freq (    2) =     1.06330995 [THz] =    35.46819706 [cm-1]
(   0.000000  0.000000   0.000000 -0.000000   0.000000 -0.000000 )
(  -0.764259 -0.029439  -0.629614 -0.020442   0.134645 -0.020442 )
   freq (    3) =     1.63444660 [THz] =    54.51926232 [cm-1]
(   0.312195  0.000000  -0.497279  0.000000  -0.809474  0.000000 )
(  -0.000000 -0.000000  -0.000000 -0.000000   0.000000 -0.000000 )
   freq (    4) =     1.63444660 [THz] =    54.51926232 [cm-1]
(   0.754454  0.000000   0.647596 -0.000000  -0.106858 -0.000000 )
(   0.000000  0.000000   0.000000  0.000000  -0.000000  0.000000 )
   freq (    5) =     2.08300909 [THz] =    69.48169443 [cm-1]
(  -0.577350  0.000000   0.577350 -0.000000  -0.577350 -0.000000 )
(  -0.000000 -0.000000  -0.000000 -0.000000   0.000000 -0.000000 )
   freq (    6) =     2.92449015 [THz] =    97.55047715 [cm-1]
(  -0.000000  0.000000   0.000000 -0.000000   0.000000 -0.000000 )
(   0.576328  0.034340  -0.576328 -0.034340   0.576328 -0.034340 )
***************************************************************************
