Dynamical matrix file
File generated with the CellConstructor by Lorenzo Monacelli
2 2 0    12.4000000000000004     0.0000000000000000     0.0000000000000000     0.0000000000000000     0.0000000000000000     0.0000000000000000
Basis vectors
   -0.5000000000000000     0.0000000000000000     0.5000000000000000
    0.0000000000000000     0.5000000000000000     0.5000000000000000
   -0.5000000000000000     0.5000000000000000     0.0000000000000000
	1  'Te '  116300.2852960780001013
	2  'Sn '  108197.5459835219953675
    1     1    -0.2500000000000000    -0.2500000000000000    -0.2500000000000000
    2     2     0.2500000000000000     0.2500000000000000     0.2500000000000000

     Dynamical Matrix in cartesian axes

     q = (    0.000000000000   0.000000000000   0.000000000000 )

    1    1
     0.0003905072468463     0.0000000000000000        0.0000000000000000     0.0000000000000000       -0.0000000000000000     0.0000000000000000
     0.0000000000000000     0.0000000000000000        0.0003905072468463     0.0000000000000000       -0.0000000000000000     0.0000000000000000
    -0.0000000000000000     0.0000000000000000        0.0000000000000000     0.0000000000000000        0.0003905072468463     0.0000000000000000
    1    2
    -0.0003905072468463     0.0000000000000000        0.0000000000000000     0.0000000000000000        0.0000000000000000     0.0000000000000000
    -0.0000000000000000     0.0000000000000000       -0.0003905072468463     0.0000000000000000        0.0000000000000000     0.0000000000000000
     0.0000000000000000     0.0000000000000000       -0.0000000000000000     0.0000000000000000       -0.0003905072468463     0.0000000000000000
    2    1
    -0.0003905072468463     0.0000000000000000       -0.0000000000000000     0.0000000000000000        0.0000000000000000     0.0000000000000000
     0.0000000000000000     0.0000000000000000       -0.0003905072468463     0.0000000000000000        0.0000000000000000     0.0000000000000000
     0.0000000000000000     0.0000000000000000       -0.0000000000000000     0.0000000000000000       -0.0003905072468463     0.0000000000000000
    2    2
     0.0003905072468463     0.0000000000000000       -0.0000000000000000     0.0000000000000000       -0.0000000000000000     0.0000000000000000
    -0.0000000000000000     0.0000000000000000        0.0003905072468463     0.0000000000000000       -0.0000000000000000     0.0000000000000000
    -0.0000000000000000     0.0000000000000000       -0.0000000000000000     0.0000000000000000        0.0003905072468463     0.0000000000000000

     Diagonalizing the dynamical matrix

     q = (    0.000000000000   0.000000000000   0.000000000000 )

***************************************************************************
   freq (    1) =     0.00000002 [THz] =     0.00000080 [cm-1]
(   0.004400  0.000000  -0.717114  0.000000   0.061432  0.000000 )
(   0.004244  0.000000  -0.691683  0.000000   0.059253  0.000000 )
   freq (    2) =     0.00000004 [THz] =     0.00000119 [cm-1]
(  -0.717462  0.000000   0.000515  0.000000   0.057398  0.000000 )
(  -0.692018  0.000000   0.000497  0.000000   0.055362  0.000000 )
   freq (    3) =     0.00000004 [THz] =     0.00000131 [cm-1]
(   0.057231  0.000000   0.061587  0.000000   0.714827  0.000000 )
(   0.055202  0.000000   0.059403  0.000000   0.689476  0.000000 )
   freq (    4) =     0.27459764 [THz] =     9.15959007 [cm-1]
(  -0.662413  0.000000  -0.090718  0.000000  -0.186902  0.000000 )
(   0.686769  0.000000   0.094054  0.000000   0.193774  0.000000 )
   freq (    5) =     0.27459764 [THz] =     9.15959007 [cm-1]
(  -0.068290  0.000000   0.684920  0.000000  -0.090415  0.000000 )
(   0.070801  0.000000  -0.710103  0.000000   0.093739  0.000000 )
   freq (    6) =     0.27459764 [THz] =     9.15959007 [cm-1]
(   0.196211  0.000000  -0.067886  0.000000  -0.662455  0.000000 )
(  -0.203425  0.000000   0.070382  0.000000   0.686812  0.000000 )
***************************************************************************
