Dynamical matrix file
File generated with the CellConstructor by Lorenzo Monacelli
1 1 0     1.8897259890000000     0.0000000000000000     0.0000000000000000     0.0000000000000000     0.0000000000000000     0.0000000000000000
Basis vectors
    2.9495460300000000     0.0000000000000000     0.0000000000000000
    1.4747730150000002     2.5543817916115379     0.0000000000000000
    1.4747730150000002     0.8514605972038461     2.4082942487839478
	1  'Au '  179524.0513667391205672
    1     1     0.0000000000000000     0.0000000000000000     0.0000000000000000

     Dynamical Matrix in cartesian axes

     q = (     0.084758806087     0.146806558531    -0.000000000000 )

    1    1
     0.0590640243223313     0.0000000000000000        0.0230735850207566     0.0000000000000000        0.0116431614276524     0.0000000000000000
     0.0230735850207566     0.0000000000000000        0.0857071053681383     0.0000000000000000       -0.0067221823844734     0.0000000000000000
     0.0116431614276524     0.0000000000000000       -0.0067221823844734     0.0000000000000000        0.0361930210944493     0.0000000000000000

     Dynamical Matrix in cartesian axes

     q = (     0.084758806087    -0.146806558531     0.000000000000 )

    1    1
     0.0590640243223313     0.0000000000000000       -0.0230735850207566     0.0000000000000000       -0.0116431614276524     0.0000000000000000
    -0.0230735850207566     0.0000000000000000        0.0857071053681383     0.0000000000000000       -0.0067221823844734     0.0000000000000000
    -0.0116431614276524     0.0000000000000000       -0.0067221823844734     0.0000000000000000        0.0361930210944493     0.0000000000000000

     Dynamical Matrix in cartesian axes

     q = (    -0.169517612173     0.000000000000     0.000000000000 )

    1    1
     0.0990286458910419     0.0000000000000000       -0.0000000000000000     0.0000000000000000       -0.0000000000000000     0.0000000000000000
    -0.0000000000000000     0.0000000000000000        0.0457424837994278     0.0000000000000000        0.0134443647689468     0.0000000000000000
    -0.0000000000000000     0.0000000000000000        0.0134443647689468     0.0000000000000000        0.0361930210944493     0.0000000000000000

     Dynamical Matrix in cartesian axes

     q = (    -0.084758806087    -0.146806558531     0.000000000000 )

    1    1
     0.0590640243223313     0.0000000000000000        0.0230735850207566     0.0000000000000000        0.0116431614276524     0.0000000000000000
     0.0230735850207566     0.0000000000000000        0.0857071053681383     0.0000000000000000       -0.0067221823844734     0.0000000000000000
     0.0116431614276524     0.0000000000000000       -0.0067221823844734     0.0000000000000000        0.0361930210944493     0.0000000000000000

     Dynamical Matrix in cartesian axes

     q = (    -0.084758806087     0.146806558531    -0.000000000000 )

    1    1
     0.0590640243223313     0.0000000000000000       -0.0230735850207566     0.0000000000000000       -0.0116431614276524     0.0000000000000000
    -0.0230735850207566     0.0000000000000000        0.0857071053681383     0.0000000000000000       -0.0067221823844734     0.0000000000000000
    -0.0116431614276524     0.0000000000000000       -0.0067221823844734     0.0000000000000000        0.0361930210944493     0.0000000000000000

     Dynamical Matrix in cartesian axes

     q = (     0.169517612173    -0.000000000000    -0.000000000000 )

    1    1
     0.0990286458910419     0.0000000000000000       -0.0000000000000000     0.0000000000000000       -0.0000000000000000     0.0000000000000000
    -0.0000000000000000     0.0000000000000000        0.0457424837994278     0.0000000000000000        0.0134443647689468     0.0000000000000000
    -0.0000000000000000     0.0000000000000000        0.0134443647689468     0.0000000000000000        0.0361930210944493     0.0000000000000000

     Diagonalizing the dynamical matrix

     q = (     0.084758806087     0.146806558531    -0.000000000000 )

***************************************************************************
   freq (    1) =     1.26874755 [THz] =    42.32085670 [cm-1]
(   0.499499  0.000000  -0.288386  0.000000  -0.816905  0.000000 )
   freq (    2) =     1.82482153 [THz] =    60.86948555 [cm-1]
(   0.707461  0.000000  -0.408453  0.000000   0.576772  0.000000 )
   freq (    3) =     2.44339890 [THz] =    81.50300275 [cm-1]
(  -0.500000  0.000000  -0.866025  0.000000   0.000000  0.000000 )
***************************************************************************
