Dynamical matrix file
File generated with the CellConstructor by Lorenzo Monacelli
1 1 0     1.8897259890000000     0.0000000000000000     0.0000000000000000     0.0000000000000000     0.0000000000000000     0.0000000000000000
Basis vectors
    2.9495460300000000     0.0000000000000000     0.0000000000000000
    1.4747730150000002     2.5543817916115379     0.0000000000000000
    1.4747730150000002     0.8514605972038461     2.4082942487839478
	1  'Au '  179524.0513667391205672
    1     1     0.0000000000000000     0.0000000000000000     0.0000000000000000

     Dynamical Matrix in cartesian axes

     q = (     0.084758806087     0.146806558531     0.103807913060 )

    1    1
     0.0668457847915018     0.0000000000000000        0.0140217286280008     0.0000000000000000        0.0099575228107394     0.0000000000000000
     0.0140217286280008     0.0000000000000000        0.0741609526798740     0.0000000000000000        0.0237422051533516     0.0000000000000000
     0.0099575228107394     0.0000000000000000        0.0237422051533516     0.0000000000000000        0.0583235622441186     0.0000000000000000

     Dynamical Matrix in cartesian axes

     q = (     0.084758806087    -0.146806558531    -0.103807913060 )

    1    1
     0.0668457847915018     0.0000000000000000       -0.0140217286280008     0.0000000000000000       -0.0099575228107394     0.0000000000000000
    -0.0140217286280008     0.0000000000000000        0.0741609526798740     0.0000000000000000        0.0237422051533516     0.0000000000000000
    -0.0099575228107394     0.0000000000000000        0.0237422051533516     0.0000000000000000        0.0583235622441186     0.0000000000000000

     Dynamical Matrix in cartesian axes

     q = (    -0.169517612173     0.000000000000     0.103807913060 )

    1    1
     0.0844753339046012     0.0000000000000000       -0.0038433037018612     0.0000000000000000       -0.0255401142100340     0.0000000000000000
    -0.0038433037018612     0.0000000000000000        0.0565314035667746     0.0000000000000000       -0.0032476348638125     0.0000000000000000
    -0.0255401142100340     0.0000000000000000       -0.0032476348638125     0.0000000000000000        0.0583235622441186     0.0000000000000000

     Dynamical Matrix in cartesian axes

     q = (     0.084758806087    -0.146806558531     0.103807913060 )

    1    1
     0.0601889875109607     0.0000000000000000       -0.0101784249261396     0.0000000000000000        0.0155825913992946     0.0000000000000000
    -0.0101784249261396     0.0000000000000000        0.0808177499604150     0.0000000000000000       -0.0204945702895392     0.0000000000000000
     0.0155825913992946     0.0000000000000000       -0.0204945702895392     0.0000000000000000        0.0583235622441186     0.0000000000000000

     Dynamical Matrix in cartesian axes

     q = (    -0.169517612173     0.000000000000    -0.103807913060 )

    1    1
     0.0844753339046012     0.0000000000000000        0.0038433037018611     0.0000000000000000        0.0255401142100340     0.0000000000000000
     0.0038433037018611     0.0000000000000000        0.0565314035667746     0.0000000000000000       -0.0032476348638125     0.0000000000000000
     0.0255401142100340     0.0000000000000000       -0.0032476348638125     0.0000000000000000        0.0583235622441187     0.0000000000000000

     Dynamical Matrix in cartesian axes

     q = (     0.084758806087     0.146806558531    -0.103807913060 )

    1    1
     0.0601889875109607     0.0000000000000000        0.0101784249261396     0.0000000000000000       -0.0155825913992946     0.0000000000000000
     0.0101784249261396     0.0000000000000000        0.0808177499604151     0.0000000000000000       -0.0204945702895392     0.0000000000000000
    -0.0155825913992946     0.0000000000000000       -0.0204945702895392     0.0000000000000000        0.0583235622441186     0.0000000000000000

     Dynamical Matrix in cartesian axes

     q = (    -0.084758806087    -0.146806558531    -0.103807913060 )

    1    1
     0.0668457847915018     0.0000000000000000        0.0140217286280008     0.0000000000000000        0.0099575228107394     0.0000000000000000
     0.0140217286280008     0.0000000000000000        0.0741609526798740     0.0000000000000000        0.0237422051533516     0.0000000000000000
     0.0099575228107394     0.0000000000000000        0.0237422051533516     0.0000000000000000        0.0583235622441186     0.0000000000000000

     Dynamical Matrix in cartesian axes

     q = (    -0.084758806087     0.146806558531     0.103807913060 )

    1    1
     0.0668457847915018     0.0000000000000000       -0.0140217286280008     0.0000000000000000       -0.0099575228107394     0.0000000000000000
    -0.0140217286280008     0.0000000000000000        0.0741609526798740     0.0000000000000000        0.0237422051533516     0.0000000000000000
    -0.0099575228107394     0.0000000000000000        0.0237422051533516     0.0000000000000000        0.0583235622441186     0.0000000000000000

     Dynamical Matrix in cartesian axes

     q = (     0.169517612173    -0.000000000000    -0.103807913060 )

    1    1
     0.0844753339046012     0.0000000000000000       -0.0038433037018612     0.0000000000000000       -0.0255401142100340     0.0000000000000000
    -0.0038433037018612     0.0000000000000000        0.0565314035667746     0.0000000000000000       -0.0032476348638125     0.0000000000000000
    -0.0255401142100340     0.0000000000000000       -0.0032476348638125     0.0000000000000000        0.0583235622441186     0.0000000000000000

     Dynamical Matrix in cartesian axes

     q = (    -0.084758806087     0.146806558531    -0.103807913060 )

    1    1
     0.0601889875109607     0.0000000000000000       -0.0101784249261396     0.0000000000000000        0.0155825913992946     0.0000000000000000
    -0.0101784249261396     0.0000000000000000        0.0808177499604150     0.0000000000000000       -0.0204945702895392     0.0000000000000000
     0.0155825913992946     0.0000000000000000       -0.0204945702895392     0.0000000000000000        0.0583235622441186     0.0000000000000000

     Dynamical Matrix in cartesian axes

     q = (     0.169517612173    -0.000000000000     0.103807913060 )

    1    1
     0.0844753339046012     0.0000000000000000        0.0038433037018611     0.0000000000000000        0.0255401142100340     0.0000000000000000
     0.0038433037018611     0.0000000000000000        0.0565314035667746     0.0000000000000000       -0.0032476348638125     0.0000000000000000
     0.0255401142100340     0.0000000000000000       -0.0032476348638125     0.0000000000000000        0.0583235622441187     0.0000000000000000

     Dynamical Matrix in cartesian axes

     q = (    -0.084758806087    -0.146806558531     0.103807913060 )

    1    1
     0.0601889875109607     0.0000000000000000        0.0101784249261396     0.0000000000000000       -0.0155825913992946     0.0000000000000000
     0.0101784249261396     0.0000000000000000        0.0808177499604151     0.0000000000000000       -0.0204945702895392     0.0000000000000000
    -0.0155825913992946     0.0000000000000000       -0.0204945702895392     0.0000000000000000        0.0583235622441186     0.0000000000000000

     Diagonalizing the dynamical matrix

     q = (     0.084758806087     0.146806558531     0.103807913060 )

***************************************************************************
   freq (    1) =     1.57628299 [THz] =    52.57913338 [cm-1]
(   0.006042  0.000000  -0.586311  0.000000   0.810063  0.000000 )
   freq (    2) =     1.86939894 [THz] =    62.35642783 [cm-1]
(  -0.888514  0.000000   0.368531  0.000000   0.273365  0.000000 )
   freq (    3) =     2.45719810 [THz] =    81.96329431 [cm-1]
(  -0.458811  0.000000  -0.721404  0.000000  -0.518719  0.000000 )
***************************************************************************
