Dynamical matrix file
File generated with the CellConstructor by Lorenzo Monacelli
1 1 0     1.8897259890000000     0.0000000000000000     0.0000000000000000     0.0000000000000000     0.0000000000000000     0.0000000000000000
Basis vectors
    2.9495460300000000     0.0000000000000000     0.0000000000000000
    1.4747730150000002     2.5543817916115379     0.0000000000000000
    1.4747730150000002     0.8514605972038461     2.4082942487839478
	1  'Au '  179524.0513667391205672
    1     1     0.0000000000000000     0.0000000000000000     0.0000000000000000

     Dynamical Matrix in cartesian axes

     q = (     0.084758806087     0.048935519510    -0.069205275373 )

    1    1
     0.0631513332993145     0.0000000000000000        0.0200352063142753     0.0000000000000000       -0.0286513539992929     0.0000000000000000
     0.0200352063142753     0.0000000000000000        0.0400166697816815     0.0000000000000000       -0.0165418669441390     0.0000000000000000
    -0.0286513539992929     0.0000000000000000       -0.0165418669441390     0.0000000000000000        0.0529962670896669     0.0000000000000000

     Dynamical Matrix in cartesian axes

     q = (     0.084758806087    -0.048935519510     0.069205275373 )

    1    1
     0.0631513332993145     0.0000000000000000       -0.0200352063142753     0.0000000000000000        0.0286513539992929     0.0000000000000000
    -0.0200352063142753     0.0000000000000000        0.0400166697816815     0.0000000000000000       -0.0165418669441390     0.0000000000000000
     0.0286513539992929     0.0000000000000000       -0.0165418669441390     0.0000000000000000        0.0529962670896669     0.0000000000000000

     Dynamical Matrix in cartesian axes

     q = (    -0.084758806087     0.048935519510    -0.069205275373 )

    1    1
     0.0631513332993145     0.0000000000000000       -0.0200352063142753     0.0000000000000000        0.0286513539992929     0.0000000000000000
    -0.0200352063142753     0.0000000000000000        0.0400166697816815     0.0000000000000000       -0.0165418669441390     0.0000000000000000
     0.0286513539992929     0.0000000000000000       -0.0165418669441390     0.0000000000000000        0.0529962670896669     0.0000000000000000

     Dynamical Matrix in cartesian axes

     q = (     0.000000000000    -0.097871039020    -0.069205275373 )

    1    1
     0.0284493380228649     0.0000000000000000       -0.0000000000000000     0.0000000000000000       -0.0000000000000000     0.0000000000000000
    -0.0000000000000000     0.0000000000000000        0.0747186650581310     0.0000000000000000        0.0330837338882780     0.0000000000000000
     0.0000000000000000     0.0000000000000000        0.0330837338882780     0.0000000000000000        0.0529962670896669     0.0000000000000000

     Dynamical Matrix in cartesian axes

     q = (    -0.084758806087    -0.048935519510     0.069205275373 )

    1    1
     0.0631513332993145     0.0000000000000000        0.0200352063142753     0.0000000000000000       -0.0286513539992929     0.0000000000000000
     0.0200352063142753     0.0000000000000000        0.0400166697816815     0.0000000000000000       -0.0165418669441390     0.0000000000000000
    -0.0286513539992929     0.0000000000000000       -0.0165418669441390     0.0000000000000000        0.0529962670896669     0.0000000000000000

     Dynamical Matrix in cartesian axes

     q = (     0.000000000000     0.097871039020     0.069205275373 )

    1    1
     0.0284493380228649     0.0000000000000000       -0.0000000000000000     0.0000000000000000       -0.0000000000000000     0.0000000000000000
    -0.0000000000000000     0.0000000000000000        0.0747186650581310     0.0000000000000000        0.0330837338882780     0.0000000000000000
     0.0000000000000000     0.0000000000000000        0.0330837338882780     0.0000000000000000        0.0529962670896669     0.0000000000000000

     Diagonalizing the dynamical matrix

     q = (     0.084758806087     0.048935519510    -0.069205275373 )

***************************************************************************
   freq (    1) =     1.30963429 [THz] =    43.68469137 [cm-1]
(   0.500000  0.000000  -0.866025  0.000000   0.000000  0.000000 )
   freq (    2) =     1.32308014 [THz] =    44.13319664 [cm-1]
(   0.507968  0.000000   0.293276  0.000000   0.809912  0.000000 )
   freq (    3) =     2.43907444 [THz] =    81.35875438 [cm-1]
(  -0.701405  0.000000  -0.404956  0.000000   0.586551  0.000000 )
***************************************************************************
