Dynamical matrix file
File generated with the CellConstructor by Lorenzo Monacelli
1 1 0     1.8897259890000000     0.0000000000000000     0.0000000000000000     0.0000000000000000     0.0000000000000000     0.0000000000000000
Basis vectors
    2.9495460300000000     0.0000000000000000     0.0000000000000000
    1.4747730150000002     2.5543817916115379     0.0000000000000000
    1.4747730150000002     0.8514605972038461     2.4082942487839478
	1  'Au '  179524.0513667391205672
    1     1     0.0000000000000000     0.0000000000000000     0.0000000000000000

     Dynamical Matrix in cartesian axes

     q = (     0.169517612173     0.097871039020    -0.034602637687 )

    1    1
     0.0849232798291451     0.0000000000000000        0.0246675921971060     0.0000000000000000       -0.0041444240096749     0.0000000000000000
     0.0246675921971060     0.0000000000000000        0.0564395978386270     0.0000000000000000       -0.0023927843176218     0.0000000000000000
    -0.0041444240096749     0.0000000000000000       -0.0023927843176218     0.0000000000000000        0.0592765228370831     0.0000000000000000

     Dynamical Matrix in cartesian axes

     q = (     0.169517612173    -0.097871039020     0.034602637687 )

    1    1
     0.0849232798291451     0.0000000000000000       -0.0246675921971060     0.0000000000000000        0.0041444240096749     0.0000000000000000
    -0.0246675921971060     0.0000000000000000        0.0564395978386270     0.0000000000000000       -0.0023927843176218     0.0000000000000000
     0.0041444240096749     0.0000000000000000       -0.0023927843176218     0.0000000000000000        0.0592765228370831     0.0000000000000000

     Dynamical Matrix in cartesian axes

     q = (    -0.169517612173     0.097871039020    -0.034602637687 )

    1    1
     0.0849232798291451     0.0000000000000000       -0.0246675921971060     0.0000000000000000        0.0041444240096749     0.0000000000000000
    -0.0246675921971060     0.0000000000000000        0.0564395978386270     0.0000000000000000       -0.0023927843176218     0.0000000000000000
     0.0041444240096749     0.0000000000000000       -0.0023927843176218     0.0000000000000000        0.0592765228370831     0.0000000000000000

     Dynamical Matrix in cartesian axes

     q = (     0.000000000000    -0.195742078041    -0.034602637687 )

    1    1
     0.0421977568433679     0.0000000000000000       -0.0000000000000000     0.0000000000000000       -0.0000000000000000     0.0000000000000000
    -0.0000000000000000     0.0000000000000000        0.0991651208244042     0.0000000000000000        0.0047855686352435     0.0000000000000000
    -0.0000000000000000     0.0000000000000000        0.0047855686352435     0.0000000000000000        0.0592765228370831     0.0000000000000000

     Dynamical Matrix in cartesian axes

     q = (    -0.169517612173    -0.097871039020     0.034602637687 )

    1    1
     0.0849232798291451     0.0000000000000000        0.0246675921971060     0.0000000000000000       -0.0041444240096749     0.0000000000000000
     0.0246675921971060     0.0000000000000000        0.0564395978386270     0.0000000000000000       -0.0023927843176218     0.0000000000000000
    -0.0041444240096749     0.0000000000000000       -0.0023927843176218     0.0000000000000000        0.0592765228370831     0.0000000000000000

     Dynamical Matrix in cartesian axes

     q = (     0.000000000000     0.195742078041     0.034602637687 )

    1    1
     0.0421977568433679     0.0000000000000000       -0.0000000000000000     0.0000000000000000       -0.0000000000000000     0.0000000000000000
    -0.0000000000000000     0.0000000000000000        0.0991651208244042     0.0000000000000000        0.0047855686352435     0.0000000000000000
    -0.0000000000000000     0.0000000000000000        0.0047855686352435     0.0000000000000000        0.0592765228370831     0.0000000000000000

     Diagonalizing the dynamical matrix

     q = (     0.169517612173     0.097871039020    -0.034602637687 )

***************************************************************************
   freq (    1) =     1.59499247 [THz] =    53.20321436 [cm-1]
(  -0.500000  0.000000   0.866025  0.000000  -0.000000  0.000000 )
   freq (    2) =     1.88135839 [THz] =    62.75535194 [cm-1]
(   0.101737  0.000000   0.058738  0.000000   0.993076  0.000000 )
   freq (    3) =     2.45205121 [THz] =    81.79161258 [cm-1]
(  -0.860029  0.000000  -0.496538  0.000000   0.117475  0.000000 )
***************************************************************************
