Dynamical matrix file
File generated with the CellConstructor by Lorenzo Monacelli
1 1 0     1.8897259890000000     0.0000000000000000     0.0000000000000000     0.0000000000000000     0.0000000000000000     0.0000000000000000
Basis vectors
    2.9495460300000000     0.0000000000000000     0.0000000000000000
    1.4747730150000002     2.5543817916115379     0.0000000000000000
    1.4747730150000002     0.8514605972038461     2.4082942487839478
	1  'Au '  179524.0513667391205672
    1     1     0.0000000000000000     0.0000000000000000     0.0000000000000000

     Dynamical Matrix in cartesian axes

     q = (     0.084758806087     0.048935519510    -0.173013188433 )

    1    1
     0.0609151040032120     0.0000000000000000        0.0116082049243998     0.0000000000000000       -0.0151033188379377     0.0000000000000000
     0.0116082049243998     0.0000000000000000        0.0475111035273909     0.0000000000000000       -0.0087199051967401     0.0000000000000000
    -0.0151033188379377     0.0000000000000000       -0.0087199051967401     0.0000000000000000        0.0894272778503019     0.0000000000000000

     Dynamical Matrix in cartesian axes

     q = (     0.084758806087    -0.048935519510     0.173013188433 )

    1    1
     0.0609151040032120     0.0000000000000000       -0.0116082049243998     0.0000000000000000        0.0151033188379377     0.0000000000000000
    -0.0116082049243998     0.0000000000000000        0.0475111035273909     0.0000000000000000       -0.0087199051967401     0.0000000000000000
     0.0151033188379377     0.0000000000000000       -0.0087199051967401     0.0000000000000000        0.0894272778503019     0.0000000000000000

     Dynamical Matrix in cartesian axes

     q = (    -0.084758806087     0.048935519510    -0.173013188433 )

    1    1
     0.0609151040032120     0.0000000000000000       -0.0116082049243998     0.0000000000000000        0.0151033188379377     0.0000000000000000
    -0.0116082049243998     0.0000000000000000        0.0475111035273909     0.0000000000000000       -0.0087199051967401     0.0000000000000000
     0.0151033188379377     0.0000000000000000       -0.0087199051967401     0.0000000000000000        0.0894272778503019     0.0000000000000000

     Dynamical Matrix in cartesian axes

     q = (     0.000000000000    -0.097871039020    -0.173013188433 )

    1    1
     0.0408091032894804     0.0000000000000000       -0.0000000000000000     0.0000000000000000       -0.0000000000000000     0.0000000000000000
    -0.0000000000000000     0.0000000000000000        0.0676171042411226     0.0000000000000000        0.0174398103934802     0.0000000000000000
    -0.0000000000000000     0.0000000000000000        0.0174398103934802     0.0000000000000000        0.0894272778503019     0.0000000000000000

     Dynamical Matrix in cartesian axes

     q = (    -0.084758806087    -0.048935519510     0.173013188433 )

    1    1
     0.0609151040032120     0.0000000000000000        0.0116082049243998     0.0000000000000000       -0.0151033188379377     0.0000000000000000
     0.0116082049243998     0.0000000000000000        0.0475111035273909     0.0000000000000000       -0.0087199051967401     0.0000000000000000
    -0.0151033188379377     0.0000000000000000       -0.0087199051967401     0.0000000000000000        0.0894272778503019     0.0000000000000000

     Dynamical Matrix in cartesian axes

     q = (     0.000000000000     0.097871039020     0.173013188433 )

    1    1
     0.0408091032894804     0.0000000000000000       -0.0000000000000000     0.0000000000000000       -0.0000000000000000     0.0000000000000000
    -0.0000000000000000     0.0000000000000000        0.0676171042411226     0.0000000000000000        0.0174398103934802     0.0000000000000000
    -0.0000000000000000     0.0000000000000000        0.0174398103934802     0.0000000000000000        0.0894272778503019     0.0000000000000000

     Diagonalizing the dynamical matrix

     q = (     0.084758806087     0.048935519510    -0.173013188433 )

***************************************************************************
   freq (    1) =     1.56852874 [THz] =    52.32047945 [cm-1]
(   0.500000  0.000000  -0.866025  0.000000   0.000000  0.000000 )
   freq (    2) =     1.86919270 [THz] =    62.34954815 [cm-1]
(   0.757508  0.000000   0.437347  0.000000   0.484675  0.000000 )
   freq (    3) =     2.44416564 [THz] =    81.52857822 [cm-1]
(  -0.419741  0.000000  -0.242337  0.000000   0.874694  0.000000 )
***************************************************************************
