Dynamical matrix file
File generated with the CellConstructor by Lorenzo Monacelli
1 1 0     1.8897259890000000     0.0000000000000000     0.0000000000000000     0.0000000000000000     0.0000000000000000     0.0000000000000000
Basis vectors
    2.9495460300000000     0.0000000000000000     0.0000000000000000
    1.4747730150000002     2.5543817916115379     0.0000000000000000
    1.4747730150000002     0.8514605972038461     2.4082942487839478
	1  'Au '  179524.0513667391205672
    1     1     0.0000000000000000     0.0000000000000000     0.0000000000000000

     Dynamical Matrix in cartesian axes

     q = (     0.084758806087    -0.048935519510    -0.034602637687 )

    1    1
     0.0642107684330664     0.0000000000000000       -0.0292447433373554     0.0000000000000000       -0.0207368322388634     0.0000000000000000
    -0.0292447433373554     0.0000000000000000        0.0304418475566591     0.0000000000000000        0.0119724156752479    -0.0000000000000000
    -0.0207368322388634    -0.0000000000000000        0.0119724156752479     0.0000000000000000        0.0214999576143360    -0.0000000000000000

     Dynamical Matrix in cartesian axes

     q = (     0.084758806087     0.048935519510     0.034602637687 )

    1    1
     0.0642107684330664     0.0000000000000000        0.0292447433373554     0.0000000000000000        0.0207368322388634    -0.0000000000000000
     0.0292447433373554     0.0000000000000000        0.0304418475566591     0.0000000000000000        0.0119724156752479    -0.0000000000000000
     0.0207368322388634     0.0000000000000000        0.0119724156752479     0.0000000000000000        0.0214999576143360    -0.0000000000000000

     Dynamical Matrix in cartesian axes

     q = (    -0.000000000000     0.097871039020    -0.034602637687 )

    1    1
     0.0135573871184554     0.0000000000000000       -0.0000000000000000     0.0000000000000000       -0.0000000000000000     0.0000000000000000
    -0.0000000000000000     0.0000000000000000        0.0810952288712700     0.0000000000000000       -0.0239448313504958     0.0000000000000000
    -0.0000000000000000     0.0000000000000000       -0.0239448313504958    -0.0000000000000000        0.0214999576143360    -0.0000000000000000

     Dynamical Matrix in cartesian axes

     q = (    -0.084758806087    -0.048935519510    -0.034602637687 )

    1    1
     0.0642107684330664     0.0000000000000000        0.0292447433373554     0.0000000000000000        0.0207368322388634    -0.0000000000000000
     0.0292447433373554     0.0000000000000000        0.0304418475566591     0.0000000000000000        0.0119724156752479    -0.0000000000000000
     0.0207368322388634     0.0000000000000000        0.0119724156752479     0.0000000000000000        0.0214999576143360    -0.0000000000000000

     Dynamical Matrix in cartesian axes

     q = (    -0.000000000000    -0.097871039020     0.034602637687 )

    1    1
     0.0135573871184554     0.0000000000000000       -0.0000000000000000     0.0000000000000000       -0.0000000000000000     0.0000000000000000
    -0.0000000000000000     0.0000000000000000        0.0810952288712700     0.0000000000000000       -0.0239448313504958     0.0000000000000000
    -0.0000000000000000     0.0000000000000000       -0.0239448313504958    -0.0000000000000000        0.0214999576143360    -0.0000000000000000

     Dynamical Matrix in cartesian axes

     q = (    -0.084758806087     0.048935519510     0.034602637687 )

    1    1
     0.0642107684330664     0.0000000000000000       -0.0292447433373554     0.0000000000000000       -0.0207368322388634     0.0000000000000000
    -0.0292447433373554     0.0000000000000000        0.0304418475566591     0.0000000000000000        0.0119724156752479    -0.0000000000000000
    -0.0207368322388634    -0.0000000000000000        0.0119724156752479     0.0000000000000000        0.0214999576143360    -0.0000000000000000

     Diagonalizing the dynamical matrix

     q = (     0.084758806087    -0.048935519510    -0.034602637687 )

***************************************************************************
   freq (    1) =     0.88771255 [THz] =    29.61089902 [cm-1]
(  -0.287551  0.000000   0.166018 -0.000000  -0.943267 -0.000000 )
   freq (    2) =     0.90406978 [THz] =    30.15651752 [cm-1]
(   0.500000  0.000000   0.866025 -0.000000  -0.000000 -0.000000 )
   freq (    3) =     2.32318376 [THz] =    77.49305764 [cm-1]
(  -0.816893  0.000000   0.471633 -0.000000   0.332035 -0.000000 )
***************************************************************************
