Dynamical matrix file
File generated with the CellConstructor by Lorenzo Monacelli
1 1 0     1.8897259890000000     0.0000000000000000     0.0000000000000000     0.0000000000000000     0.0000000000000000     0.0000000000000000
Basis vectors
    2.9495460300000000     0.0000000000000000     0.0000000000000000
    1.4747730150000002     2.5543817916115379     0.0000000000000000
    1.4747730150000002     0.8514605972038461     2.4082942487839478
	1  'Au '  179524.0513667391205672
    1     1     0.0000000000000000     0.0000000000000000     0.0000000000000000

     Dynamical Matrix in cartesian axes

     q = (     0.084758806087     0.048935519510     0.138410550746 )

    1    1
     0.0586592457262535     0.0000000000000000        0.0182239812305894     0.0000000000000000        0.0182881481956505     0.0000000000000000
     0.0182239812305894     0.0000000000000000        0.0376160047878785     0.0000000000000000        0.0105586672837386     0.0000000000000000
     0.0182881481956505     0.0000000000000000        0.0105586672837386     0.0000000000000000        0.0872594516055562     0.0000000000000000

     Dynamical Matrix in cartesian axes

     q = (     0.084758806087    -0.048935519510    -0.138410550746 )

    1    1
     0.0586592457262535     0.0000000000000000       -0.0182239812305894     0.0000000000000000       -0.0182881481956505     0.0000000000000000
    -0.0182239812305894     0.0000000000000000        0.0376160047878785     0.0000000000000000        0.0105586672837386     0.0000000000000000
    -0.0182881481956505     0.0000000000000000        0.0105586672837386     0.0000000000000000        0.0872594516055562     0.0000000000000000

     Dynamical Matrix in cartesian axes

     q = (    -0.084758806087     0.048935519510     0.138410550746 )

    1    1
     0.0586592457262535     0.0000000000000000       -0.0182239812305894     0.0000000000000000       -0.0182881481956505     0.0000000000000000
    -0.0182239812305894     0.0000000000000000        0.0376160047878785     0.0000000000000000        0.0105586672837386     0.0000000000000000
    -0.0182881481956505     0.0000000000000000        0.0105586672837386     0.0000000000000000        0.0872594516055562     0.0000000000000000

     Dynamical Matrix in cartesian axes

     q = (     0.000000000000    -0.097871039020     0.138410550746 )

    1    1
     0.0270943843186911     0.0000000000000000       -0.0000000000000000     0.0000000000000000       -0.0000000000000000     0.0000000000000000
    -0.0000000000000000     0.0000000000000000        0.0691808661954409     0.0000000000000000       -0.0211173345674772     0.0000000000000000
    -0.0000000000000000     0.0000000000000000       -0.0211173345674772     0.0000000000000000        0.0872594516055562     0.0000000000000000

     Dynamical Matrix in cartesian axes

     q = (    -0.084758806087    -0.048935519510    -0.138410550746 )

    1    1
     0.0586592457262535     0.0000000000000000        0.0182239812305894     0.0000000000000000        0.0182881481956505     0.0000000000000000
     0.0182239812305894     0.0000000000000000        0.0376160047878785     0.0000000000000000        0.0105586672837386     0.0000000000000000
     0.0182881481956505     0.0000000000000000        0.0105586672837386     0.0000000000000000        0.0872594516055562     0.0000000000000000

     Dynamical Matrix in cartesian axes

     q = (     0.000000000000     0.097871039020    -0.138410550746 )

    1    1
     0.0270943843186911     0.0000000000000000       -0.0000000000000000     0.0000000000000000       -0.0000000000000000     0.0000000000000000
    -0.0000000000000000     0.0000000000000000        0.0691808661954409     0.0000000000000000       -0.0211173345674772     0.0000000000000000
    -0.0000000000000000     0.0000000000000000       -0.0211173345674772     0.0000000000000000        0.0872594516055562     0.0000000000000000

     Diagonalizing the dynamical matrix

     q = (     0.084758806087     0.048935519510     0.138410550746 )

***************************************************************************
   freq (    1) =     1.27806693 [THz] =    42.63171780 [cm-1]
(  -0.500000  0.000000   0.866025  0.000000  -0.000000  0.000000 )
   freq (    2) =     1.82506433 [THz] =    60.87758436 [cm-1]
(   0.722889  0.000000   0.417360  0.000000  -0.550675  0.000000 )
   freq (    3) =     2.46992907 [THz] =    82.38795381 [cm-1]
(  -0.476898  0.000000  -0.275337  0.000000  -0.834720  0.000000 )
***************************************************************************
