Dynamical matrix file
File generated with the CellConstructor by Lorenzo Monacelli
1 1 0     1.8897259890000000     0.0000000000000000     0.0000000000000000     0.0000000000000000     0.0000000000000000     0.0000000000000000
Basis vectors
    2.9495460300000000     0.0000000000000000     0.0000000000000000
    1.4747730150000002     2.5543817916115379     0.0000000000000000
    1.4747730150000002     0.8514605972038461     2.4082942487839478
	1  'Au '  179524.0513667391205672
    1     1     0.0000000000000000     0.0000000000000000     0.0000000000000000

     Dynamical Matrix in cartesian axes

     q = (     0.084758806087    -0.244677597551    -0.069205275373 )

    1    1
     0.0668952069579374     0.0000000000000000        0.0081446544493416     0.0000000000000000       -0.0111907034745701     0.0000000000000000
     0.0081446544493416     0.0000000000000000        0.0762998438355052     0.0000000000000000        0.0064609556634643     0.0000000000000000
    -0.0111907034745701     0.0000000000000000        0.0064609556634643     0.0000000000000000        0.0720893787311795     0.0000000000000000

     Dynamical Matrix in cartesian axes

     q = (     0.084758806087     0.244677597551     0.069205275373 )

    1    1
     0.0668952069579374     0.0000000000000000       -0.0081446544493416     0.0000000000000000        0.0111907034745701     0.0000000000000000
    -0.0081446544493416     0.0000000000000000        0.0762998438355052     0.0000000000000000        0.0064609556634643     0.0000000000000000
     0.0111907034745701     0.0000000000000000        0.0064609556634643     0.0000000000000000        0.0720893787311795     0.0000000000000000

     Dynamical Matrix in cartesian axes

     q = (     0.169517612173     0.195742078041    -0.069205275373 )

    1    1
     0.0810021622742890     0.0000000000000000       -0.0000000000000000     0.0000000000000000       -0.0000000000000000     0.0000000000000000
    -0.0000000000000000     0.0000000000000000        0.0621928885191536     0.0000000000000000       -0.0129219113269287     0.0000000000000000
    -0.0000000000000000     0.0000000000000000       -0.0129219113269287     0.0000000000000000        0.0720893787311795     0.0000000000000000

     Dynamical Matrix in cartesian axes

     q = (    -0.084758806087     0.244677597551     0.069205275373 )

    1    1
     0.0668952069579374     0.0000000000000000        0.0081446544493416     0.0000000000000000       -0.0111907034745701     0.0000000000000000
     0.0081446544493416     0.0000000000000000        0.0762998438355052     0.0000000000000000        0.0064609556634643     0.0000000000000000
    -0.0111907034745701     0.0000000000000000        0.0064609556634643     0.0000000000000000        0.0720893787311795     0.0000000000000000

     Dynamical Matrix in cartesian axes

     q = (    -0.084758806087    -0.244677597551    -0.069205275373 )

    1    1
     0.0668952069579374     0.0000000000000000       -0.0081446544493416     0.0000000000000000        0.0111907034745701     0.0000000000000000
    -0.0081446544493416     0.0000000000000000        0.0762998438355052     0.0000000000000000        0.0064609556634643     0.0000000000000000
     0.0111907034745701     0.0000000000000000        0.0064609556634643     0.0000000000000000        0.0720893787311795     0.0000000000000000

     Dynamical Matrix in cartesian axes

     q = (    -0.169517612173    -0.195742078041     0.069205275373 )

    1    1
     0.0810021622742890     0.0000000000000000       -0.0000000000000000     0.0000000000000000       -0.0000000000000000     0.0000000000000000
    -0.0000000000000000     0.0000000000000000        0.0621928885191536     0.0000000000000000       -0.0129219113269287     0.0000000000000000
    -0.0000000000000000     0.0000000000000000       -0.0129219113269287     0.0000000000000000        0.0720893787311795     0.0000000000000000

     Diagonalizing the dynamical matrix

     q = (     0.084758806087    -0.244677597551    -0.069205275373 )

***************************************************************************
   freq (    1) =     1.79264643 [THz] =    59.79623996 [cm-1]
(   0.713515  0.000000  -0.411948  0.000000   0.566740  0.000000 )
   freq (    2) =     2.20951867 [THz] =    73.70159913 [cm-1]
(   0.490811  0.000000  -0.283370  0.000000  -0.823897  0.000000 )
   freq (    3) =     2.20984728 [THz] =    73.71256014 [cm-1]
(   0.500000  0.000000   0.866025  0.000000  -0.000000  0.000000 )
***************************************************************************
