Dynamical matrix file
Ph                                                                         
  2   11  0  6.7016110  0.0000000  0.0000000  0.0000000  0.0000000  0.0000000
Basis vectors
      0.513657857   -0.296560502    0.800314390
      0.000000000    0.593121004    0.800314390
     -0.513657857   -0.296560502    0.800314390
           1  'La  '    126604.59083217713     
           2  'H   '    918.58996499058958     
    1    1      0.0000000000      0.0000000000      1.2004715970
    2    2      0.0000000000      0.0000000000      0.6183491890
    3    2      0.0000000000      0.0000000000     -0.6183491890
    4    2      0.0000000000      0.0000000000      0.2512220060
    5    2      0.0000000000      0.0000000000     -0.2512220060
    6    2      0.2624509440      0.1515261230      1.7276709380
    7    2      0.0000000000     -0.3030522460      1.7276709380
    8    2     -0.2624509440      0.1515261230      1.7276709380
    9    2      0.0000000000      0.3030522460      0.6732722550
   10    2      0.2624509440     -0.1515261230      0.6732722550
   11    2     -0.2624509440     -0.1515261230      0.6732722550

     Dynamical  Matrix in cartesian axes

     q = (    0.000000000   0.000000000   0.000000000 ) 

    1    1
  0.60253571  0.00000000    0.00000000  0.00000000   -0.00000000  0.00000000
  0.00000000  0.00000000    0.60253571  0.00000000    0.00000000  0.00000000
  0.00000000  0.00000000    0.00000000  0.00000000    0.59001967  0.00000000
    1    2
 -0.01136205  0.00000000    0.00000000  0.00000000   -0.00000000  0.00000000
  0.00000000  0.00000000   -0.01136205  0.00000000   -0.00000000  0.00000000
  0.00000000  0.00000000    0.00000000  0.00000000   -0.08782725  0.00000000
    1    3
 -0.01136205  0.00000000    0.00000000  0.00000000   -0.00000000  0.00000000
 -0.00000000  0.00000000   -0.01136205  0.00000000    0.00000000  0.00000000
 -0.00000000  0.00000000    0.00000000  0.00000000   -0.08782725  0.00000000
    1    4
 -0.06573479  0.00000000   -0.00000000  0.00000000    0.00000000  0.00000000
  0.00000000  0.00000000   -0.06573479  0.00000000    0.00000000  0.00000000
  0.00000000  0.00000000    0.00000000  0.00000000   -0.02901197  0.00000000
    1    5
 -0.06573479  0.00000000    0.00000000  0.00000000    0.00000000  0.00000000
  0.00000000  0.00000000   -0.06573479  0.00000000    0.00000000  0.00000000
  0.00000000  0.00000000    0.00000000  0.00000000   -0.02901197  0.00000000
    1    6
 -0.05297426  0.00000000    0.03778109  0.00000000   -0.00888268  0.00000000
  0.03778109  0.00000000   -0.09660010  0.00000000   -0.00512842  0.00000000
 -0.00673929  0.00000000   -0.00389093  0.00000000   -0.05941331  0.00000000
    1    7
 -0.11841302  0.00000000   -0.00000000  0.00000000    0.00000000  0.00000000
 -0.00000000  0.00000000   -0.03116134  0.00000000    0.01025683  0.00000000
  0.00000000  0.00000000    0.00778187  0.00000000   -0.05941331  0.00000000
    1    8
 -0.05297426  0.00000000   -0.03778109  0.00000000    0.00888268  0.00000000
 -0.03778109  0.00000000   -0.09660010  0.00000000   -0.00512842  0.00000000
  0.00673929  0.00000000   -0.00389093  0.00000000   -0.05941331  0.00000000
    1    9
 -0.11841302  0.00000000    0.00000000  0.00000000   -0.00000000  0.00000000
  0.00000000  0.00000000   -0.03116134  0.00000000    0.01025683  0.00000000
 -0.00000000  0.00000000    0.00778187  0.00000000   -0.05941331  0.00000000
    1   10
 -0.05297426  0.00000000   -0.03778109  0.00000000    0.00888268  0.00000000
 -0.03778109  0.00000000   -0.09660010  0.00000000   -0.00512842  0.00000000
  0.00673929  0.00000000   -0.00389093  0.00000000   -0.05941331  0.00000000
    1   11
 -0.05297426  0.00000000    0.03778109  0.00000000   -0.00888268  0.00000000
  0.03778109  0.00000000   -0.09660010  0.00000000   -0.00512842  0.00000000
 -0.00673929  0.00000000   -0.00389093  0.00000000   -0.05941331  0.00000000
    2    1
 -0.01136205  0.00000000    0.00000000  0.00000000   -0.00000000  0.00000000
 -0.00000000  0.00000000   -0.01136205  0.00000000    0.00000000  0.00000000
 -0.00000000  0.00000000    0.00000000  0.00000000   -0.08782725  0.00000000
    2    2
  0.05173031  0.00000000   -0.00000000  0.00000000    0.00000000  0.00000000
  0.00000000  0.00000000    0.05173031  0.00000000    0.00000000  0.00000000
  0.00000000  0.00000000    0.00000000  0.00000000    0.11870905  0.00000000
    2    3
 -0.01280939  0.00000000    0.00000000  0.00000000    0.00000000  0.00000000
 -0.00000000  0.00000000   -0.01280939  0.00000000    0.00000000  0.00000000
 -0.00000000  0.00000000    0.00000000  0.00000000    0.00846700  0.00000000
    2    4
  0.00004701  0.00000000    0.00000000  0.00000000    0.00000000  0.00000000
 -0.00000000  0.00000000    0.00004701  0.00000000    0.00000000  0.00000000
  0.00000000  0.00000000    0.00000000  0.00000000   -0.00129684  0.00000000
    2    5
 -0.04254843  0.00000000    0.00000000  0.00000000    0.00000000  0.00000000
  0.00000000  0.00000000   -0.04254843  0.00000000    0.00000000  0.00000000
  0.00000000  0.00000000    0.00000000  0.00000000    0.01223208  0.00000000
    2    6
  0.00989868  0.00000000    0.01347599  0.00000000   -0.00363298  0.00000000
  0.01347599  0.00000000   -0.00566205  0.00000000   -0.00209750  0.00000000
 -0.00705787  0.00000000   -0.00407486  0.00000000   -0.02097612  0.00000000
    2    7
 -0.01344242  0.00000000    0.00000000  0.00000000   -0.00000000  0.00000000
 -0.00000000  0.00000000    0.01767905  0.00000000    0.00419500  0.00000000
 -0.00000000  0.00000000    0.00814972  0.00000000   -0.02097612  0.00000000
    2    8
  0.00989868  0.00000000   -0.01347599  0.00000000    0.00363298  0.00000000
 -0.01347599  0.00000000   -0.00566205  0.00000000   -0.00209750  0.00000000
  0.00705787  0.00000000   -0.00407486  0.00000000   -0.02097612  0.00000000
    2    9
  0.00692351  0.00000000   -0.00000000  0.00000000    0.00000000  0.00000000
 -0.00000000  0.00000000   -0.00118751  0.00000000   -0.00409955  0.00000000
  0.00000000  0.00000000    0.00202986  0.00000000    0.00422640  0.00000000
    2   10
  0.00084024  0.00000000    0.00351218  0.00000000   -0.00355032  0.00000000
  0.00351218  0.00000000    0.00489576  0.00000000    0.00204978  0.00000000
  0.00175791  0.00000000   -0.00101493  0.00000000    0.00422640  0.00000000
    2   11
  0.00084024  0.00000000   -0.00351218  0.00000000    0.00355032  0.00000000
 -0.00351218  0.00000000    0.00489576  0.00000000    0.00204978  0.00000000
 -0.00175791  0.00000000   -0.00101493  0.00000000    0.00422640  0.00000000
    3    1
 -0.01136205  0.00000000    0.00000000  0.00000000   -0.00000000  0.00000000
  0.00000000  0.00000000   -0.01136205  0.00000000   -0.00000000  0.00000000
  0.00000000  0.00000000    0.00000000  0.00000000   -0.08782725  0.00000000
    3    2
 -0.01280939  0.00000000    0.00000000  0.00000000   -0.00000000  0.00000000
 -0.00000000  0.00000000   -0.01280939  0.00000000    0.00000000  0.00000000
  0.00000000  0.00000000    0.00000000  0.00000000    0.00846700  0.00000000
    3    3
  0.05173031  0.00000000    0.00000000  0.00000000    0.00000000  0.00000000
  0.00000000  0.00000000    0.05173031  0.00000000    0.00000000  0.00000000
  0.00000000  0.00000000    0.00000000  0.00000000    0.11870905  0.00000000
    3    4
 -0.04254843  0.00000000   -0.00000000  0.00000000   -0.00000000  0.00000000
 -0.00000000  0.00000000   -0.04254843  0.00000000    0.00000000  0.00000000
  0.00000000  0.00000000    0.00000000  0.00000000    0.01223208  0.00000000
    3    5
  0.00004701  0.00000000    0.00000000  0.00000000    0.00000000  0.00000000
 -0.00000000  0.00000000    0.00004701  0.00000000    0.00000000  0.00000000
  0.00000000  0.00000000    0.00000000  0.00000000   -0.00129684  0.00000000
    3    6
  0.00084024  0.00000000   -0.00351218  0.00000000    0.00355032  0.00000000
 -0.00351218  0.00000000    0.00489576  0.00000000    0.00204978  0.00000000
 -0.00175791  0.00000000   -0.00101493  0.00000000    0.00422640  0.00000000
    3    7
  0.00692351  0.00000000    0.00000000  0.00000000    0.00000000  0.00000000
  0.00000000  0.00000000   -0.00118751  0.00000000   -0.00409955  0.00000000
 -0.00000000  0.00000000    0.00202986  0.00000000    0.00422640  0.00000000
    3    8
  0.00084024  0.00000000    0.00351218  0.00000000   -0.00355032  0.00000000
  0.00351218  0.00000000    0.00489576  0.00000000    0.00204978  0.00000000
  0.00175791  0.00000000   -0.00101493  0.00000000    0.00422640  0.00000000
    3    9
 -0.01344242  0.00000000   -0.00000000  0.00000000   -0.00000000  0.00000000
  0.00000000  0.00000000    0.01767905  0.00000000    0.00419500  0.00000000
  0.00000000  0.00000000    0.00814972  0.00000000   -0.02097612  0.00000000
    3   10
  0.00989868  0.00000000   -0.01347599  0.00000000    0.00363298  0.00000000
 -0.01347599  0.00000000   -0.00566205  0.00000000   -0.00209750  0.00000000
  0.00705787  0.00000000   -0.00407486  0.00000000   -0.02097612  0.00000000
    3   11
  0.00989868  0.00000000    0.01347599  0.00000000   -0.00363298  0.00000000
  0.01347599  0.00000000   -0.00566205  0.00000000   -0.00209750  0.00000000
 -0.00705787  0.00000000   -0.00407486  0.00000000   -0.02097612  0.00000000
    4    1
 -0.06573479  0.00000000    0.00000000  0.00000000    0.00000000  0.00000000
 -0.00000000  0.00000000   -0.06573479  0.00000000    0.00000000  0.00000000
  0.00000000  0.00000000   -0.00000000  0.00000000   -0.02901197  0.00000000
    4    2
  0.00004701  0.00000000    0.00000000  0.00000000    0.00000000  0.00000000
 -0.00000000  0.00000000    0.00004701  0.00000000    0.00000000  0.00000000
  0.00000000  0.00000000    0.00000000  0.00000000   -0.00129684  0.00000000
    4    3
 -0.04254843  0.00000000    0.00000000  0.00000000    0.00000000  0.00000000
  0.00000000  0.00000000   -0.04254843  0.00000000    0.00000000  0.00000000
  0.00000000  0.00000000    0.00000000  0.00000000    0.01223208  0.00000000
    4    4
  0.10661955  0.00000000    0.00000000  0.00000000   -0.00000000  0.00000000
  0.00000000  0.00000000    0.10661955  0.00000000   -0.00000000  0.00000000
 -0.00000000  0.00000000    0.00000000  0.00000000    0.12658293  0.00000000
    4    5
 -0.01436282  0.00000000    0.00000000  0.00000000   -0.00000000  0.00000000
  0.00000000  0.00000000   -0.01436282  0.00000000   -0.00000000  0.00000000
 -0.00000000  0.00000000    0.00000000  0.00000000   -0.01820908  0.00000000
    4    6
  0.00077406  0.00000000   -0.00454522  0.00000000    0.00522674  0.00000000
 -0.00454522  0.00000000    0.00602242  0.00000000    0.00301766  0.00000000
 -0.01096527  0.00000000   -0.00633080  0.00000000    0.00324806  0.00000000
    4    7
  0.00864660  0.00000000    0.00000000  0.00000000    0.00000000  0.00000000
  0.00000000  0.00000000   -0.00185013  0.00000000   -0.00603531  0.00000000
 -0.00000000  0.00000000    0.01266161  0.00000000    0.00324806  0.00000000
    4    8
  0.00077406  0.00000000    0.00454522  0.00000000   -0.00522674  0.00000000
  0.00454522  0.00000000    0.00602242  0.00000000    0.00301766  0.00000000
  0.01096527  0.00000000   -0.00633080  0.00000000    0.00324806  0.00000000
    4    9
  0.00873574  0.00000000    0.00000000  0.00000000    0.00000000  0.00000000
 -0.00000000  0.00000000   -0.00488591  0.00000000   -0.02577791  0.00000000
 -0.00000000  0.00000000   -0.02224160  0.00000000   -0.03334993  0.00000000
    4   10
 -0.00148050  0.00000000    0.00589835  0.00000000   -0.02232432  0.00000000
  0.00589835  0.00000000    0.00533033  0.00000000    0.01288895  0.00000000
 -0.01926179  0.00000000    0.01112080  0.00000000   -0.03334993  0.00000000
    4   11
 -0.00148050  0.00000000   -0.00589835  0.00000000    0.02232432  0.00000000
 -0.00589835  0.00000000    0.00533033  0.00000000    0.01288895  0.00000000
  0.01926179  0.00000000    0.01112080  0.00000000   -0.03334993  0.00000000
    5    1
 -0.06573479  0.00000000    0.00000000  0.00000000    0.00000000  0.00000000
  0.00000000  0.00000000   -0.06573479  0.00000000    0.00000000  0.00000000
  0.00000000  0.00000000   -0.00000000  0.00000000   -0.02901197  0.00000000
    5    2
 -0.04254843  0.00000000    0.00000000  0.00000000    0.00000000  0.00000000
 -0.00000000  0.00000000   -0.04254843  0.00000000    0.00000000  0.00000000
  0.00000000  0.00000000    0.00000000  0.00000000    0.01223208  0.00000000
    5    3
  0.00004701  0.00000000    0.00000000  0.00000000    0.00000000  0.00000000
 -0.00000000  0.00000000    0.00004701  0.00000000    0.00000000  0.00000000
  0.00000000  0.00000000    0.00000000  0.00000000   -0.00129684  0.00000000
    5    4
 -0.01436282  0.00000000    0.00000000  0.00000000    0.00000000  0.00000000
  0.00000000  0.00000000   -0.01436282  0.00000000   -0.00000000  0.00000000
  0.00000000  0.00000000    0.00000000  0.00000000   -0.01820908  0.00000000
    5    5
  0.10661955  0.00000000   -0.00000000  0.00000000    0.00000000  0.00000000
 -0.00000000  0.00000000    0.10661955  0.00000000    0.00000000  0.00000000
  0.00000000  0.00000000    0.00000000  0.00000000    0.12658293  0.00000000
    5    6
 -0.00148050  0.00000000   -0.00589835  0.00000000    0.02232432  0.00000000
 -0.00589835  0.00000000    0.00533033  0.00000000    0.01288895  0.00000000
  0.01926179  0.00000000    0.01112080  0.00000000   -0.03334993  0.00000000
    5    7
  0.00873574  0.00000000    0.00000000  0.00000000    0.00000000  0.00000000
 -0.00000000  0.00000000   -0.00488591  0.00000000   -0.02577791  0.00000000
  0.00000000  0.00000000   -0.02224160  0.00000000   -0.03334993  0.00000000
    5    8
 -0.00148050  0.00000000    0.00589835  0.00000000   -0.02232432  0.00000000
  0.00589835  0.00000000    0.00533033  0.00000000    0.01288895  0.00000000
 -0.01926179  0.00000000    0.01112080  0.00000000   -0.03334993  0.00000000
    5    9
  0.00864660  0.00000000    0.00000000  0.00000000   -0.00000000  0.00000000
  0.00000000  0.00000000   -0.00185013  0.00000000   -0.00603531  0.00000000
  0.00000000  0.00000000    0.01266161  0.00000000    0.00324806  0.00000000
    5   10
  0.00077406  0.00000000    0.00454522  0.00000000   -0.00522674  0.00000000
  0.00454522  0.00000000    0.00602242  0.00000000    0.00301766  0.00000000
  0.01096527  0.00000000   -0.00633080  0.00000000    0.00324806  0.00000000
    5   11
  0.00077406  0.00000000   -0.00454522  0.00000000    0.00522674  0.00000000
 -0.00454522  0.00000000    0.00602242  0.00000000    0.00301766  0.00000000
 -0.01096527  0.00000000   -0.00633080  0.00000000    0.00324806  0.00000000
    6    1
 -0.05297426  0.00000000    0.03778109  0.00000000   -0.00673929  0.00000000
  0.03778109  0.00000000   -0.09660010  0.00000000   -0.00389093  0.00000000
 -0.00888268  0.00000000   -0.00512842  0.00000000   -0.05941331  0.00000000
    6    2
  0.00989868  0.00000000    0.01347599  0.00000000   -0.00705787  0.00000000
  0.01347599  0.00000000   -0.00566205  0.00000000   -0.00407486  0.00000000
 -0.00363298  0.00000000   -0.00209750  0.00000000   -0.02097612  0.00000000
    6    3
  0.00084024  0.00000000   -0.00351218  0.00000000   -0.00175791  0.00000000
 -0.00351218  0.00000000    0.00489576  0.00000000   -0.00101493  0.00000000
  0.00355032  0.00000000    0.00204978  0.00000000    0.00422640  0.00000000
    6    4
  0.00077406  0.00000000   -0.00454522  0.00000000   -0.01096527  0.00000000
 -0.00454522  0.00000000    0.00602242  0.00000000   -0.00633080  0.00000000
  0.00522674  0.00000000    0.00301766  0.00000000    0.00324806  0.00000000
    6    5
 -0.00148050  0.00000000   -0.00589835  0.00000000    0.01926179  0.00000000
 -0.00589835  0.00000000    0.00533033  0.00000000    0.01112080  0.00000000
  0.02232432  0.00000000    0.01288895  0.00000000   -0.03334993  0.00000000
    6    6
  0.16006568  0.00000000   -0.00520861  0.00000000   -0.00507089  0.00000000
 -0.00520861  0.00000000    0.16608006  0.00000000   -0.00292768  0.00000000
 -0.00507089  0.00000000   -0.00292768  0.00000000    0.11653354  0.00000000
    6    7
 -0.01697491  0.00000000   -0.03946581  0.00000000    0.00142577  0.00000000
 -0.01803090  0.00000000   -0.05017065  0.00000000    0.00537405  0.00000000
 -0.00394118  0.00000000   -0.00392177  0.00000000    0.00056553  0.00000000
    6    8
 -0.06676853  0.00000000    0.01071746  0.00000000    0.00536694  0.00000000
 -0.01071746  0.00000000   -0.00037704  0.00000000   -0.00145227  0.00000000
 -0.00536694  0.00000000   -0.00145227  0.00000000    0.00056553  0.00000000
    6    9
 -0.00739129  0.00000000    0.00241499  0.00000000    0.00603514  0.00000000
 -0.00425182  0.00000000   -0.00845178  0.00000000    0.00026432  0.00000000
  0.00278866  0.00000000   -0.00535874  0.00000000    0.00172571  0.00000000
    6   10
 -0.00898203  0.00000000   -0.00333341  0.00000000    0.00324648  0.00000000
  0.00333341  0.00000000   -0.00686104  0.00000000    0.00509442  0.00000000
 -0.00324648  0.00000000    0.00509442  0.00000000    0.00172571  0.00000000
    6   11
 -0.01699918  0.00000000   -0.00242196  0.00000000   -0.00374783  0.00000000
 -0.00242196  0.00000000   -0.01420254  0.00000000   -0.00216381  0.00000000
 -0.00374783  0.00000000   -0.00216381  0.00000000   -0.01484432  0.00000000
    7    1
 -0.11841302  0.00000000   -0.00000000  0.00000000    0.00000000  0.00000000
 -0.00000000  0.00000000   -0.03116134  0.00000000    0.00778187  0.00000000
  0.00000000  0.00000000    0.01025683  0.00000000   -0.05941331  0.00000000
    7    2
 -0.01344242  0.00000000   -0.00000000  0.00000000   -0.00000000  0.00000000
  0.00000000  0.00000000    0.01767905  0.00000000    0.00814972  0.00000000
 -0.00000000  0.00000000    0.00419500  0.00000000   -0.02097612  0.00000000
    7    3
  0.00692351  0.00000000   -0.00000000  0.00000000    0.00000000  0.00000000
  0.00000000  0.00000000   -0.00118751  0.00000000    0.00202986  0.00000000
  0.00000000  0.00000000   -0.00409955  0.00000000    0.00422640  0.00000000
    7    4
  0.00864660  0.00000000   -0.00000000  0.00000000   -0.00000000  0.00000000
  0.00000000  0.00000000   -0.00185013  0.00000000    0.01266161  0.00000000
  0.00000000  0.00000000   -0.00603531  0.00000000    0.00324806  0.00000000
    7    5
  0.00873574  0.00000000    0.00000000  0.00000000   -0.00000000  0.00000000
 -0.00000000  0.00000000   -0.00488591  0.00000000   -0.02224160  0.00000000
  0.00000000  0.00000000   -0.02577791  0.00000000   -0.03334993  0.00000000
    7    6
 -0.01697491  0.00000000   -0.01803090  0.00000000   -0.00394118  0.00000000
 -0.03946581  0.00000000   -0.05017065  0.00000000   -0.00392177  0.00000000
  0.00142577  0.00000000    0.00537405  0.00000000    0.00056553  0.00000000
    7    7
  0.16908725  0.00000000    0.00000000  0.00000000    0.00000000  0.00000000
 -0.00000000  0.00000000    0.15705849  0.00000000    0.00585536  0.00000000
  0.00000000  0.00000000    0.00585536  0.00000000    0.11653354  0.00000000
    7    8
 -0.01697491  0.00000000    0.01803090  0.00000000    0.00394118  0.00000000
  0.03946581  0.00000000   -0.05017065  0.00000000   -0.00392177  0.00000000
 -0.00142577  0.00000000    0.00537405  0.00000000    0.00056553  0.00000000
    7    9
 -0.01280421  0.00000000    0.00000000  0.00000000   -0.00000000  0.00000000
  0.00000000  0.00000000   -0.01839750  0.00000000    0.00432763  0.00000000
 -0.00000000  0.00000000    0.00432763  0.00000000   -0.01484432  0.00000000
    7   10
 -0.00739129  0.00000000    0.00425182  0.00000000   -0.00278866  0.00000000
 -0.00241499  0.00000000   -0.00845178  0.00000000   -0.00535874  0.00000000
 -0.00603514  0.00000000    0.00026432  0.00000000    0.00172571  0.00000000
    7   11
 -0.00739129  0.00000000   -0.00425182  0.00000000    0.00278866  0.00000000
  0.00241499  0.00000000   -0.00845178  0.00000000   -0.00535874  0.00000000
  0.00603514  0.00000000    0.00026432  0.00000000    0.00172571  0.00000000
    8    1
 -0.05297426  0.00000000   -0.03778109  0.00000000    0.00673929  0.00000000
 -0.03778109  0.00000000   -0.09660010  0.00000000   -0.00389093  0.00000000
  0.00888268  0.00000000   -0.00512842  0.00000000   -0.05941331  0.00000000
    8    2
  0.00989868  0.00000000   -0.01347599  0.00000000    0.00705787  0.00000000
 -0.01347599  0.00000000   -0.00566205  0.00000000   -0.00407486  0.00000000
  0.00363298  0.00000000   -0.00209750  0.00000000   -0.02097612  0.00000000
    8    3
  0.00084024  0.00000000    0.00351218  0.00000000    0.00175791  0.00000000
  0.00351218  0.00000000    0.00489576  0.00000000   -0.00101493  0.00000000
 -0.00355032  0.00000000    0.00204978  0.00000000    0.00422640  0.00000000
    8    4
  0.00077406  0.00000000    0.00454522  0.00000000    0.01096527  0.00000000
  0.00454522  0.00000000    0.00602242  0.00000000   -0.00633080  0.00000000
 -0.00522674  0.00000000    0.00301766  0.00000000    0.00324806  0.00000000
    8    5
 -0.00148050  0.00000000    0.00589835  0.00000000   -0.01926179  0.00000000
  0.00589835  0.00000000    0.00533033  0.00000000    0.01112080  0.00000000
 -0.02232432  0.00000000    0.01288895  0.00000000   -0.03334993  0.00000000
    8    6
 -0.06676853  0.00000000   -0.01071746  0.00000000   -0.00536694  0.00000000
  0.01071746  0.00000000   -0.00037704  0.00000000   -0.00145227  0.00000000
  0.00536694  0.00000000   -0.00145227  0.00000000    0.00056553  0.00000000
    8    7
 -0.01697491  0.00000000    0.03946581  0.00000000   -0.00142577  0.00000000
  0.01803090  0.00000000   -0.05017065  0.00000000    0.00537405  0.00000000
  0.00394118  0.00000000   -0.00392177  0.00000000    0.00056553  0.00000000
    8    8
  0.16006568  0.00000000    0.00520861  0.00000000    0.00507089  0.00000000
  0.00520861  0.00000000    0.16608006  0.00000000   -0.00292768  0.00000000
  0.00507089  0.00000000   -0.00292768  0.00000000    0.11653354  0.00000000
    8    9
 -0.00739129  0.00000000   -0.00241499  0.00000000   -0.00603514  0.00000000
  0.00425182  0.00000000   -0.00845178  0.00000000    0.00026432  0.00000000
 -0.00278866  0.00000000   -0.00535874  0.00000000    0.00172571  0.00000000
    8   10
 -0.01699918  0.00000000    0.00242196  0.00000000    0.00374783  0.00000000
  0.00242196  0.00000000   -0.01420254  0.00000000   -0.00216381  0.00000000
  0.00374783  0.00000000   -0.00216381  0.00000000   -0.01484432  0.00000000
    8   11
 -0.00898203  0.00000000    0.00333341  0.00000000   -0.00324648  0.00000000
 -0.00333341  0.00000000   -0.00686104  0.00000000    0.00509442  0.00000000
  0.00324648  0.00000000    0.00509442  0.00000000    0.00172571  0.00000000
    9    1
 -0.11841302  0.00000000    0.00000000  0.00000000   -0.00000000  0.00000000
  0.00000000  0.00000000   -0.03116134  0.00000000    0.00778187  0.00000000
 -0.00000000  0.00000000    0.01025683  0.00000000   -0.05941331  0.00000000
    9    2
  0.00692351  0.00000000    0.00000000  0.00000000    0.00000000  0.00000000
 -0.00000000  0.00000000   -0.00118751  0.00000000    0.00202986  0.00000000
  0.00000000  0.00000000   -0.00409955  0.00000000    0.00422640  0.00000000
    9    3
 -0.01344242  0.00000000    0.00000000  0.00000000    0.00000000  0.00000000
 -0.00000000  0.00000000    0.01767905  0.00000000    0.00814972  0.00000000
  0.00000000  0.00000000    0.00419500  0.00000000   -0.02097612  0.00000000
    9    4
  0.00873574  0.00000000    0.00000000  0.00000000   -0.00000000  0.00000000
 -0.00000000  0.00000000   -0.00488591  0.00000000   -0.02224160  0.00000000
  0.00000000  0.00000000   -0.02577791  0.00000000   -0.03334993  0.00000000
    9    5
  0.00864660  0.00000000    0.00000000  0.00000000   -0.00000000  0.00000000
 -0.00000000  0.00000000   -0.00185013  0.00000000    0.01266161  0.00000000
  0.00000000  0.00000000   -0.00603531  0.00000000    0.00324806  0.00000000
    9    6
 -0.00739129  0.00000000   -0.00425182  0.00000000    0.00278866  0.00000000
  0.00241499  0.00000000   -0.00845178  0.00000000   -0.00535874  0.00000000
  0.00603514  0.00000000    0.00026432  0.00000000    0.00172571  0.00000000
    9    7
 -0.01280421  0.00000000    0.00000000  0.00000000    0.00000000  0.00000000
  0.00000000  0.00000000   -0.01839750  0.00000000    0.00432763  0.00000000
 -0.00000000  0.00000000    0.00432763  0.00000000   -0.01484432  0.00000000
    9    8
 -0.00739129  0.00000000    0.00425182  0.00000000   -0.00278866  0.00000000
 -0.00241499  0.00000000   -0.00845178  0.00000000   -0.00535874  0.00000000
 -0.00603514  0.00000000    0.00026432  0.00000000    0.00172571  0.00000000
    9    9
  0.16908725  0.00000000    0.00000000  0.00000000    0.00000000  0.00000000
  0.00000000  0.00000000    0.15705849  0.00000000    0.00585536  0.00000000
 -0.00000000  0.00000000    0.00585536  0.00000000    0.11653354  0.00000000
    9   10
 -0.01697491  0.00000000    0.01803090  0.00000000    0.00394118  0.00000000
  0.03946581  0.00000000   -0.05017065  0.00000000   -0.00392177  0.00000000
 -0.00142577  0.00000000    0.00537405  0.00000000    0.00056553  0.00000000
    9   11
 -0.01697491  0.00000000   -0.01803090  0.00000000   -0.00394118  0.00000000
 -0.03946581  0.00000000   -0.05017065  0.00000000   -0.00392177  0.00000000
  0.00142577  0.00000000    0.00537405  0.00000000    0.00056553  0.00000000
   10    1
 -0.05297426  0.00000000   -0.03778109  0.00000000    0.00673929  0.00000000
 -0.03778109  0.00000000   -0.09660010  0.00000000   -0.00389093  0.00000000
  0.00888268  0.00000000   -0.00512842  0.00000000   -0.05941331  0.00000000
   10    2
  0.00084024  0.00000000    0.00351218  0.00000000    0.00175791  0.00000000
  0.00351218  0.00000000    0.00489576  0.00000000   -0.00101493  0.00000000
 -0.00355032  0.00000000    0.00204978  0.00000000    0.00422640  0.00000000
   10    3
  0.00989868  0.00000000   -0.01347599  0.00000000    0.00705787  0.00000000
 -0.01347599  0.00000000   -0.00566205  0.00000000   -0.00407486  0.00000000
  0.00363298  0.00000000   -0.00209750  0.00000000   -0.02097612  0.00000000
   10    4
 -0.00148050  0.00000000    0.00589835  0.00000000   -0.01926179  0.00000000
  0.00589835  0.00000000    0.00533033  0.00000000    0.01112080  0.00000000
 -0.02232432  0.00000000    0.01288895  0.00000000   -0.03334993  0.00000000
   10    5
  0.00077406  0.00000000    0.00454522  0.00000000    0.01096527  0.00000000
  0.00454522  0.00000000    0.00602242  0.00000000   -0.00633080  0.00000000
 -0.00522674  0.00000000    0.00301766  0.00000000    0.00324806  0.00000000
   10    6
 -0.00898203  0.00000000    0.00333341  0.00000000   -0.00324648  0.00000000
 -0.00333341  0.00000000   -0.00686104  0.00000000    0.00509442  0.00000000
  0.00324648  0.00000000    0.00509442  0.00000000    0.00172571  0.00000000
   10    7
 -0.00739129  0.00000000   -0.00241499  0.00000000   -0.00603514  0.00000000
  0.00425182  0.00000000   -0.00845178  0.00000000    0.00026432  0.00000000
 -0.00278866  0.00000000   -0.00535874  0.00000000    0.00172571  0.00000000
   10    8
 -0.01699918  0.00000000    0.00242196  0.00000000    0.00374783  0.00000000
  0.00242196  0.00000000   -0.01420254  0.00000000   -0.00216381  0.00000000
  0.00374783  0.00000000   -0.00216381  0.00000000   -0.01484432  0.00000000
   10    9
 -0.01697491  0.00000000    0.03946581  0.00000000   -0.00142577  0.00000000
  0.01803090  0.00000000   -0.05017065  0.00000000    0.00537405  0.00000000
  0.00394118  0.00000000   -0.00392177  0.00000000    0.00056553  0.00000000
   10   10
  0.16006568  0.00000000    0.00520861  0.00000000    0.00507089  0.00000000
  0.00520861  0.00000000    0.16608006  0.00000000   -0.00292768  0.00000000
  0.00507089  0.00000000   -0.00292768  0.00000000    0.11653354  0.00000000
   10   11
 -0.06676853  0.00000000   -0.01071746  0.00000000   -0.00536694  0.00000000
  0.01071746  0.00000000   -0.00037704  0.00000000   -0.00145227  0.00000000
  0.00536694  0.00000000   -0.00145227  0.00000000    0.00056553  0.00000000
   11    1
 -0.05297426  0.00000000    0.03778109  0.00000000   -0.00673929  0.00000000
  0.03778109  0.00000000   -0.09660010  0.00000000   -0.00389093  0.00000000
 -0.00888268  0.00000000   -0.00512842  0.00000000   -0.05941331  0.00000000
   11    2
  0.00084024  0.00000000   -0.00351218  0.00000000   -0.00175791  0.00000000
 -0.00351218  0.00000000    0.00489576  0.00000000   -0.00101493  0.00000000
  0.00355032  0.00000000    0.00204978  0.00000000    0.00422640  0.00000000
   11    3
  0.00989868  0.00000000    0.01347599  0.00000000   -0.00705787  0.00000000
  0.01347599  0.00000000   -0.00566205  0.00000000   -0.00407486  0.00000000
 -0.00363298  0.00000000   -0.00209750  0.00000000   -0.02097612  0.00000000
   11    4
 -0.00148050  0.00000000   -0.00589835  0.00000000    0.01926179  0.00000000
 -0.00589835  0.00000000    0.00533033  0.00000000    0.01112080  0.00000000
  0.02232432  0.00000000    0.01288895  0.00000000   -0.03334993  0.00000000
   11    5
  0.00077406  0.00000000   -0.00454522  0.00000000   -0.01096527  0.00000000
 -0.00454522  0.00000000    0.00602242  0.00000000   -0.00633080  0.00000000
  0.00522674  0.00000000    0.00301766  0.00000000    0.00324806  0.00000000
   11    6
 -0.01699918  0.00000000   -0.00242196  0.00000000   -0.00374783  0.00000000
 -0.00242196  0.00000000   -0.01420254  0.00000000   -0.00216381  0.00000000
 -0.00374783  0.00000000   -0.00216381  0.00000000   -0.01484432  0.00000000
   11    7
 -0.00739129  0.00000000    0.00241499  0.00000000    0.00603514  0.00000000
 -0.00425182  0.00000000   -0.00845178  0.00000000    0.00026432  0.00000000
  0.00278866  0.00000000   -0.00535874  0.00000000    0.00172571  0.00000000
   11    8
 -0.00898203  0.00000000   -0.00333341  0.00000000    0.00324648  0.00000000
  0.00333341  0.00000000   -0.00686104  0.00000000    0.00509442  0.00000000
 -0.00324648  0.00000000    0.00509442  0.00000000    0.00172571  0.00000000
   11    9
 -0.01697491  0.00000000   -0.03946581  0.00000000    0.00142577  0.00000000
 -0.01803090  0.00000000   -0.05017065  0.00000000    0.00537405  0.00000000
 -0.00394118  0.00000000   -0.00392177  0.00000000    0.00056553  0.00000000
   11   10
 -0.06676853  0.00000000    0.01071746  0.00000000    0.00536694  0.00000000
 -0.01071746  0.00000000   -0.00037704  0.00000000   -0.00145227  0.00000000
 -0.00536694  0.00000000   -0.00145227  0.00000000    0.00056553  0.00000000
   11   11
  0.16006568  0.00000000   -0.00520861  0.00000000   -0.00507089  0.00000000
 -0.00520861  0.00000000    0.16608006  0.00000000   -0.00292768  0.00000000
 -0.00507089  0.00000000   -0.00292768  0.00000000    0.11653354  0.00000000

     Diagonalizing the dynamical matrix

     q = (    0.000000000   0.000000000   0.000000000 ) 

 **************************************************************************
     freq (    1) =      -0.163231 [THz] =      -5.444816 [cm-1]
 ( -0.076181  0.000000 -0.291804  0.000000 -0.000000  0.000000 ) 
 ( -0.076107  0.000000 -0.291519  0.000000 -0.000000  0.000000 ) 
 ( -0.076107  0.000000 -0.291519  0.000000 -0.000000  0.000000 ) 
 ( -0.076148  0.000000 -0.291678  0.000000 -0.000000  0.000000 ) 
 ( -0.076148  0.000000 -0.291678  0.000000 -0.000000  0.000000 ) 
 ( -0.076189  0.000000 -0.291810  0.000000 -0.000028  0.000000 ) 
 ( -0.076181  0.000000 -0.291817  0.000000  0.000039  0.000000 ) 
 ( -0.076179  0.000000 -0.291807  0.000000 -0.000011  0.000000 ) 
 ( -0.076181  0.000000 -0.291817  0.000000  0.000039  0.000000 ) 
 ( -0.076179  0.000000 -0.291807  0.000000 -0.000011  0.000000 ) 
 ( -0.076189  0.000000 -0.291810  0.000000 -0.000028  0.000000 ) 
     freq (    2) =      -0.163231 [THz] =      -5.444816 [cm-1]
 ( -0.291804  0.000000  0.076181 -0.000000  0.000000 -0.000000 ) 
 ( -0.291519  0.000000  0.076107 -0.000000  0.000000 -0.000000 ) 
 ( -0.291519  0.000000  0.076107 -0.000000  0.000000 -0.000000 ) 
 ( -0.291678  0.000000  0.076148 -0.000000  0.000000 -0.000000 ) 
 ( -0.291678  0.000000  0.076148 -0.000000  0.000000 -0.000000 ) 
 ( -0.291813  0.000000  0.076177 -0.000000 -0.000029  0.000000 ) 
 ( -0.291805  0.000000  0.076185 -0.000000 -0.000010  0.000000 ) 
 ( -0.291816  0.000000  0.076187 -0.000000  0.000039 -0.000000 ) 
 ( -0.291805  0.000000  0.076185 -0.000000 -0.000010  0.000000 ) 
 ( -0.291816  0.000000  0.076187 -0.000000  0.000039 -0.000000 ) 
 ( -0.291813  0.000000  0.076177 -0.000000 -0.000029  0.000000 ) 
     freq (    3) =      -0.059969 [THz] =      -2.000352 [cm-1]
 ( -0.000000  0.000000  0.000000  0.000000 -0.301547  0.000000 ) 
 ( -0.000000  0.000000  0.000000  0.000000 -0.301450  0.000000 ) 
 ( -0.000000  0.000000  0.000000  0.000000 -0.301450  0.000000 ) 
 ( -0.000000  0.000000  0.000000  0.000000 -0.301551  0.000000 ) 
 ( -0.000000  0.000000  0.000000  0.000000 -0.301551  0.000000 ) 
 ( -0.000001  0.000000 -0.000001  0.000000 -0.301513  0.000000 ) 
 ( -0.000000  0.000000  0.000001  0.000000 -0.301513  0.000000 ) 
 (  0.000001  0.000000 -0.000001  0.000000 -0.301513  0.000000 ) 
 ( -0.000000  0.000000  0.000001  0.000000 -0.301513  0.000000 ) 
 (  0.000001  0.000000 -0.000001  0.000000 -0.301513  0.000000 ) 
 ( -0.000001  0.000000 -0.000001  0.000000 -0.301513  0.000000 ) 
     freq (    4) =       6.903662 [THz] =     230.281387 [cm-1]
 (  0.006097  0.000000  0.000001  0.000000  0.000000  0.000000 ) 
 ( -0.525384  0.000000 -0.000116  0.000000  0.000000  0.000000 ) 
 ( -0.525384  0.000000 -0.000116  0.000000  0.000000  0.000000 ) 
 ( -0.337056  0.000000 -0.000074  0.000000  0.000000  0.000000 ) 
 ( -0.337056  0.000000 -0.000074  0.000000  0.000000  0.000000 ) 
 (  0.174546  0.000000  0.047386  0.000000  0.134882  0.000000 ) 
 (  0.092506  0.000000  0.000044  0.000000 -0.000034  0.000000 ) 
 (  0.174525  0.000000 -0.047334  0.000000 -0.134848  0.000000 ) 
 (  0.092506  0.000000  0.000044  0.000000 -0.000034  0.000000 ) 
 (  0.174525  0.000000 -0.047334  0.000000 -0.134848  0.000000 ) 
 (  0.174546  0.000000  0.047386  0.000000  0.134882  0.000000 ) 
     freq (    5) =       6.903662 [THz] =     230.281387 [cm-1]
 (  0.000001 -0.000000 -0.006097  0.000000 -0.000000  0.000000 ) 
 ( -0.000116  0.000000  0.525384 -0.000000 -0.000000  0.000000 ) 
 ( -0.000116  0.000000  0.525384 -0.000000 -0.000000  0.000000 ) 
 ( -0.000074  0.000000  0.337056 -0.000000  0.000000 -0.000000 ) 
 ( -0.000074  0.000000  0.337056 -0.000000  0.000000 -0.000000 ) 
 ( -0.047322  0.000000 -0.119839  0.000000 -0.077835  0.000000 ) 
 (  0.000020 -0.000000 -0.201879  0.000000  0.155729 -0.000000 ) 
 (  0.047398 -0.000000 -0.119860  0.000000 -0.077894  0.000000 ) 
 (  0.000020 -0.000000 -0.201879  0.000000  0.155729 -0.000000 ) 
 (  0.047398 -0.000000 -0.119860  0.000000 -0.077894  0.000000 ) 
 ( -0.047322  0.000000 -0.119839  0.000000 -0.077835  0.000000 ) 
     freq (    6) =      20.470699 [THz] =     682.829027 [cm-1]
 ( -0.000000  0.000000 -0.000000  0.000000  0.000000  0.000000 ) 
 (  0.619513  0.000000  0.000019  0.000000 -0.000000  0.000000 ) 
 ( -0.619513  0.000000 -0.000019  0.000000  0.000000  0.000000 ) 
 ( -0.303426  0.000000 -0.000009  0.000000  0.000000  0.000000 ) 
 (  0.303426  0.000000  0.000009  0.000000 -0.000000  0.000000 ) 
 ( -0.066771  0.000000 -0.074963  0.000000 -0.001131  0.000000 ) 
 (  0.063072  0.000000 -0.000003  0.000000  0.000000  0.000000 ) 
 ( -0.066767  0.000000  0.074964  0.000000  0.001131  0.000000 ) 
 ( -0.063072  0.000000  0.000003  0.000000 -0.000000  0.000000 ) 
 (  0.066767  0.000000 -0.074964  0.000000 -0.001131  0.000000 ) 
 (  0.066771  0.000000  0.074963  0.000000  0.001131  0.000000 ) 
     freq (    7) =      20.470699 [THz] =     682.829027 [cm-1]
 ( -0.000000  0.000000 -0.000000  0.000000  0.000000  0.000000 ) 
 ( -0.000019  0.000000  0.619513  0.000000  0.000000  0.000000 ) 
 (  0.000019  0.000000 -0.619513  0.000000 -0.000000  0.000000 ) 
 (  0.000009  0.000000 -0.303426  0.000000 -0.000000  0.000000 ) 
 ( -0.000009  0.000000  0.303426  0.000000  0.000000  0.000000 ) 
 ( -0.074962  0.000000  0.019794  0.000000 -0.000653  0.000000 ) 
 ( -0.000002  0.000000 -0.110049  0.000000  0.001306  0.000000 ) 
 (  0.074966  0.000000  0.019790  0.000000 -0.000653  0.000000 ) 
 (  0.000002  0.000000  0.110049  0.000000 -0.001306  0.000000 ) 
 ( -0.074966  0.000000 -0.019790  0.000000  0.000653  0.000000 ) 
 (  0.074962  0.000000 -0.019794  0.000000  0.000653  0.000000 ) 
     freq (    8) =      25.443995 [THz] =     848.720333 [cm-1]
 ( -0.000000  0.000000  0.000000  0.000000 -0.021064  0.000000 ) 
 (  0.000000  0.000000 -0.000000  0.000000  0.092408  0.000000 ) 
 (  0.000000  0.000000 -0.000000  0.000000  0.092408  0.000000 ) 
 (  0.000000  0.000000 -0.000000  0.000000  0.480913  0.000000 ) 
 (  0.000000  0.000000 -0.000000  0.000000  0.480913  0.000000 ) 
 ( -0.026350  0.000000 -0.015213  0.000000  0.292794  0.000000 ) 
 (  0.000000  0.000000  0.030427  0.000000  0.292794  0.000000 ) 
 (  0.026350  0.000000 -0.015213  0.000000  0.292794  0.000000 ) 
 (  0.000000  0.000000  0.030427  0.000000  0.292794  0.000000 ) 
 (  0.026350  0.000000 -0.015213  0.000000  0.292794  0.000000 ) 
 ( -0.026350  0.000000 -0.015213  0.000000  0.292794  0.000000 ) 
     freq (    9) =      25.586415 [THz] =     853.470931 [cm-1]
 (  0.020308  0.000000 -0.000000  0.000000 -0.000000  0.000000 ) 
 ( -0.293180  0.000000  0.000001  0.000000  0.000000  0.000000 ) 
 ( -0.293180  0.000000  0.000001  0.000000  0.000000  0.000000 ) 
 ( -0.104116  0.000000  0.000000  0.000000  0.000000  0.000000 ) 
 ( -0.104116  0.000000  0.000000  0.000000  0.000000  0.000000 ) 
 ( -0.393461  0.000000 -0.102714  0.000000 -0.113603  0.000000 ) 
 ( -0.215553  0.000000  0.000002  0.000000 -0.000001  0.000000 ) 
 ( -0.393462  0.000000  0.102716  0.000000  0.113603  0.000000 ) 
 ( -0.215553  0.000000  0.000002  0.000000 -0.000001  0.000000 ) 
 ( -0.393462  0.000000  0.102716  0.000000  0.113603  0.000000 ) 
 ( -0.393461  0.000000 -0.102714  0.000000 -0.113603  0.000000 ) 
     freq (   10) =      25.586415 [THz] =     853.470932 [cm-1]
 ( -0.000000  0.000000 -0.020308  0.000000 -0.000000  0.000000 ) 
 (  0.000001 -0.000000  0.293180 -0.000000  0.000000 -0.000000 ) 
 (  0.000001 -0.000000  0.293180 -0.000000  0.000000 -0.000000 ) 
 (  0.000000 -0.000000  0.104116 -0.000000  0.000000 -0.000000 ) 
 (  0.000000 -0.000000  0.104116 -0.000000  0.000000 -0.000000 ) 
 (  0.102717 -0.000000  0.274856 -0.000000  0.065589 -0.000000 ) 
 (  0.000001 -0.000000  0.452764 -0.000000 -0.131178  0.000000 ) 
 ( -0.102714  0.000000  0.274856 -0.000000  0.065588 -0.000000 ) 
 (  0.000001 -0.000000  0.452764 -0.000000 -0.131178  0.000000 ) 
 ( -0.102714  0.000000  0.274856 -0.000000  0.065588 -0.000000 ) 
 (  0.102717 -0.000000  0.274856 -0.000000  0.065589 -0.000000 ) 
     freq (   11) =      25.931776 [THz] =     864.990956 [cm-1]
 ( -0.000000  0.000000  0.000000  0.000000 -0.000000  0.000000 ) 
 (  0.000000  0.000000 -0.000000  0.000000  0.310250  0.000000 ) 
 (  0.000000  0.000000  0.000000  0.000000 -0.310250  0.000000 ) 
 ( -0.000000  0.000000  0.000000  0.000000 -0.371191  0.000000 ) 
 (  0.000000  0.000000 -0.000000  0.000000  0.371191  0.000000 ) 
 ( -0.036331  0.000000 -0.020976  0.000000  0.294778  0.000000 ) 
 (  0.000000  0.000000  0.041951  0.000000  0.294778  0.000000 ) 
 (  0.036331  0.000000 -0.020976  0.000000  0.294778  0.000000 ) 
 (  0.000000  0.000000 -0.041951  0.000000 -0.294778  0.000000 ) 
 ( -0.036331  0.000000  0.020976  0.000000 -0.294778  0.000000 ) 
 (  0.036331  0.000000  0.020976  0.000000 -0.294778  0.000000 ) 
     freq (   12) =      29.954518 [THz] =     999.175153 [cm-1]
 (  0.004781 -0.000000 -0.000000  0.000000  0.000000 -0.000000 ) 
 (  0.312903 -0.000000 -0.000002  0.000000  0.000000 -0.000000 ) 
 (  0.312903 -0.000000 -0.000002  0.000000  0.000000 -0.000000 ) 
 ( -0.379584  0.000000  0.000003 -0.000000  0.000000 -0.000000 ) 
 ( -0.379584  0.000000  0.000003 -0.000000 -0.000000  0.000000 ) 
 ( -0.131966  0.000000 -0.076882  0.000000  0.325070 -0.000000 ) 
 (  0.001198 -0.000000  0.000001 -0.000000  0.000003 -0.000000 ) 
 ( -0.131967  0.000000  0.076883 -0.000000 -0.325073  0.000000 ) 
 (  0.001198 -0.000000  0.000001 -0.000000  0.000003 -0.000000 ) 
 ( -0.131967  0.000000  0.076883 -0.000000 -0.325073  0.000000 ) 
 ( -0.131966  0.000000 -0.076882  0.000000  0.325070 -0.000000 ) 
     freq (   13) =      29.954518 [THz] =     999.175153 [cm-1]
 (  0.000000  0.000000  0.004781  0.000000  0.000000  0.000000 ) 
 (  0.000002  0.000000  0.312903  0.000000 -0.000000  0.000000 ) 
 (  0.000002  0.000000  0.312903  0.000000 -0.000000  0.000000 ) 
 ( -0.000003  0.000000 -0.379584  0.000000 -0.000000  0.000000 ) 
 ( -0.000003  0.000000 -0.379584  0.000000 -0.000000  0.000000 ) 
 ( -0.076883  0.000000 -0.043191  0.000000  0.187682  0.000000 ) 
 (  0.000000  0.000000 -0.176354  0.000000 -0.375360  0.000000 ) 
 (  0.076881  0.000000 -0.043189  0.000000  0.187677  0.000000 ) 
 (  0.000000  0.000000 -0.176354  0.000000 -0.375360  0.000000 ) 
 (  0.076881  0.000000 -0.043189  0.000000  0.187677  0.000000 ) 
 ( -0.076883  0.000000 -0.043191  0.000000  0.187682  0.000000 ) 
     freq (   14) =      34.166557 [THz] =    1139.673653 [cm-1]
 ( -0.000000  0.000000 -0.000000  0.000000 -0.000000  0.000000 ) 
 (  0.000000  0.000000 -0.000000  0.000000  0.557109  0.000000 ) 
 (  0.000000  0.000000  0.000000  0.000000 -0.557109  0.000000 ) 
 (  0.000000  0.000000 -0.000000  0.000000  0.404876  0.000000 ) 
 ( -0.000000  0.000000  0.000000  0.000000 -0.404876  0.000000 ) 
 (  0.079436  0.000000  0.045862  0.000000 -0.012453  0.000000 ) 
 ( -0.000000  0.000000 -0.091724  0.000000 -0.012453  0.000000 ) 
 ( -0.079436  0.000000  0.045862  0.000000 -0.012453  0.000000 ) 
 (  0.000000  0.000000  0.091724  0.000000  0.012453  0.000000 ) 
 (  0.079436  0.000000 -0.045862  0.000000  0.012453  0.000000 ) 
 ( -0.079436  0.000000 -0.045862  0.000000  0.012453  0.000000 ) 
     freq (   15) =      35.312386 [THz] =    1177.894418 [cm-1]
 ( -0.000000  0.000000 -0.000000  0.000000 -0.000000  0.000000 ) 
 ( -0.112883  0.000000  0.000000  0.000000 -0.000000  0.000000 ) 
 (  0.112883  0.000000 -0.000000  0.000000 -0.000000  0.000000 ) 
 ( -0.402492  0.000000  0.000000  0.000000  0.000000  0.000000 ) 
 (  0.402492  0.000000 -0.000000  0.000000  0.000000  0.000000 ) 
 (  0.263879  0.000000  0.132031  0.000000 -0.273761  0.000000 ) 
 (  0.035194  0.000000 -0.000000  0.000000 -0.000000  0.000000 ) 
 (  0.263879  0.000000 -0.132031  0.000000  0.273762  0.000000 ) 
 ( -0.035194  0.000000  0.000000  0.000000  0.000000  0.000000 ) 
 ( -0.263879  0.000000  0.132031  0.000000 -0.273762  0.000000 ) 
 ( -0.263879  0.000000 -0.132031  0.000000  0.273761  0.000000 ) 
     freq (   16) =      35.312386 [THz] =    1177.894418 [cm-1]
 ( -0.000000  0.000000  0.000000  0.000000 -0.000000  0.000000 ) 
 (  0.000000  0.000000  0.112883  0.000000  0.000000  0.000000 ) 
 ( -0.000000  0.000000 -0.112883  0.000000 -0.000000  0.000000 ) 
 (  0.000000  0.000000  0.402492  0.000000  0.000000  0.000000 ) 
 ( -0.000000  0.000000 -0.402492  0.000000 -0.000000  0.000000 ) 
 ( -0.132031  0.000000 -0.111422  0.000000  0.158057  0.000000 ) 
 ( -0.000000  0.000000 -0.340107  0.000000 -0.316113  0.000000 ) 
 (  0.132031  0.000000 -0.111422  0.000000  0.158056  0.000000 ) 
 (  0.000000  0.000000  0.340107  0.000000  0.316113  0.000000 ) 
 ( -0.132031  0.000000  0.111422  0.000000 -0.158056  0.000000 ) 
 (  0.132031  0.000000  0.111422  0.000000 -0.158057  0.000000 ) 
     freq (   17) =      36.199346 [THz] =    1207.480214 [cm-1]
 ( -0.000000  0.000000  0.000000  0.000000 -0.008539  0.000000 ) 
 (  0.000000  0.000000  0.000000  0.000000  0.598618  0.000000 ) 
 ( -0.000000  0.000000  0.000000  0.000000  0.598618  0.000000 ) 
 (  0.000000  0.000000  0.000000  0.000000 -0.317888  0.000000 ) 
 ( -0.000000  0.000000  0.000000  0.000000 -0.317888  0.000000 ) 
 (  0.047340  0.000000  0.027332  0.000000  0.102638  0.000000 ) 
 (  0.000000  0.000000 -0.054664  0.000000  0.102638  0.000000 ) 
 ( -0.047340  0.000000  0.027332  0.000000  0.102638  0.000000 ) 
 ( -0.000000  0.000000 -0.054664  0.000000  0.102638  0.000000 ) 
 ( -0.047340  0.000000  0.027332  0.000000  0.102638  0.000000 ) 
 (  0.047340  0.000000  0.027332  0.000000  0.102638  0.000000 ) 
     freq (   18) =      36.248761 [THz] =    1209.128515 [cm-1]
 (  0.000000  0.000000 -0.000000  0.000000 -0.000000  0.000000 ) 
 ( -0.141928  0.000000  0.000001  0.000000  0.000000  0.000000 ) 
 (  0.141928  0.000000 -0.000001  0.000000  0.000000  0.000000 ) 
 ( -0.136992  0.000000  0.000001  0.000000 -0.000000  0.000000 ) 
 (  0.136992  0.000000 -0.000001  0.000000 -0.000000  0.000000 ) 
 ( -0.358113  0.000000 -0.079171  0.000000 -0.267607  0.000000 ) 
 ( -0.220982  0.000000  0.000003  0.000000 -0.000002  0.000000 ) 
 ( -0.358115  0.000000  0.079175  0.000000  0.267610  0.000000 ) 
 (  0.220982  0.000000 -0.000003  0.000000  0.000002  0.000000 ) 
 (  0.358115  0.000000 -0.079175  0.000000 -0.267610  0.000000 ) 
 (  0.358113  0.000000  0.079171  0.000000  0.267607  0.000000 ) 
     freq (   19) =      36.248761 [THz] =    1209.128516 [cm-1]
 (  0.000000  0.000000 -0.000000  0.000000  0.000000  0.000000 ) 
 (  0.000001  0.000000  0.141928  0.000000 -0.000000  0.000000 ) 
 ( -0.000001  0.000000 -0.141928  0.000000  0.000000  0.000000 ) 
 (  0.000001  0.000000  0.136992  0.000000 -0.000000  0.000000 ) 
 ( -0.000001  0.000000 -0.136992  0.000000  0.000000  0.000000 ) 
 (  0.079176  0.000000  0.266693  0.000000  0.154506  0.000000 ) 
 (  0.000002  0.000000  0.403824  0.000000 -0.309008  0.000000 ) 
 ( -0.079170  0.000000  0.266692  0.000000  0.154502  0.000000 ) 
 ( -0.000002  0.000000 -0.403824  0.000000  0.309008  0.000000 ) 
 (  0.079170  0.000000 -0.266692  0.000000 -0.154502  0.000000 ) 
 ( -0.079176  0.000000 -0.266693  0.000000 -0.154506  0.000000 ) 
     freq (   20) =      39.959118 [THz] =    1332.892701 [cm-1]
 (  0.001193 -0.000000  0.000000 -0.000000  0.000000 -0.000000 ) 
 ( -0.157469  0.000000 -0.000000  0.000000  0.000000 -0.000000 ) 
 ( -0.157469  0.000000 -0.000000  0.000000 -0.000000  0.000000 ) 
 (  0.419031 -0.000000  0.000000 -0.000000 -0.000000  0.000000 ) 
 (  0.419031 -0.000000  0.000000 -0.000000 -0.000000  0.000000 ) 
 ( -0.051166  0.000000  0.109896 -0.000000  0.325498 -0.000000 ) 
 ( -0.241512  0.000000  0.000000 -0.000000 -0.000000  0.000000 ) 
 ( -0.051166  0.000000 -0.109897  0.000000 -0.325498  0.000000 ) 
 ( -0.241512  0.000000  0.000000 -0.000000 -0.000000  0.000000 ) 
 ( -0.051166  0.000000 -0.109897  0.000000 -0.325498  0.000000 ) 
 ( -0.051166  0.000000  0.109896 -0.000000  0.325498 -0.000000 ) 
     freq (   21) =      39.959118 [THz] =    1332.892701 [cm-1]
 ( -0.000000  0.000000  0.001193  0.000000  0.000000  0.000000 ) 
 (  0.000000  0.000000 -0.157469  0.000000 -0.000000  0.000000 ) 
 (  0.000000  0.000000 -0.157469  0.000000 -0.000000  0.000000 ) 
 ( -0.000000  0.000000  0.419031  0.000000  0.000000  0.000000 ) 
 ( -0.000000  0.000000  0.419031  0.000000  0.000000  0.000000 ) 
 (  0.109897  0.000000 -0.178064  0.000000  0.187926  0.000000 ) 
 (  0.000000  0.000000  0.012283  0.000000 -0.375852  0.000000 ) 
 ( -0.109896  0.000000 -0.178063  0.000000  0.187926  0.000000 ) 
 (  0.000000  0.000000  0.012283  0.000000 -0.375852  0.000000 ) 
 ( -0.109896  0.000000 -0.178063  0.000000  0.187926  0.000000 ) 
 (  0.109897  0.000000 -0.178064  0.000000  0.187926  0.000000 ) 
     freq (   22) =      40.911139 [THz] =    1364.648697 [cm-1]
 ( -0.000000  0.000000 -0.000000  0.000000 -0.000000  0.000000 ) 
 ( -0.000000  0.000000 -0.000000  0.000000  0.000000  0.000000 ) 
 ( -0.000000  0.000000 -0.000000  0.000000  0.000000  0.000000 ) 
 (  0.000000  0.000000  0.000000  0.000000 -0.000000  0.000000 ) 
 (  0.000000  0.000000  0.000000  0.000000 -0.000000  0.000000 ) 
 ( -0.204124  0.000000  0.353553  0.000000  0.000000  0.000000 ) 
 (  0.408248  0.000000  0.000000  0.000000 -0.000000  0.000000 ) 
 ( -0.204124  0.000000 -0.353553  0.000000 -0.000000  0.000000 ) 
 (  0.408248  0.000000 -0.000000  0.000000  0.000000  0.000000 ) 
 ( -0.204124  0.000000 -0.353553  0.000000 -0.000000  0.000000 ) 
 ( -0.204124  0.000000  0.353553  0.000000  0.000000  0.000000 ) 
     freq (   23) =      44.219923 [THz] =    1475.017859 [cm-1]
 (  0.000000  0.000000  0.000000  0.000000 -0.000000  0.000000 ) 
 ( -0.231974  0.000000  0.000003  0.000000  0.000000  0.000000 ) 
 (  0.231974  0.000000 -0.000003  0.000000  0.000000  0.000000 ) 
 ( -0.469380  0.000000  0.000006  0.000000  0.000000  0.000000 ) 
 (  0.469380  0.000000 -0.000006  0.000000  0.000000  0.000000 ) 
 ( -0.075775  0.000000  0.012841  0.000000  0.319725  0.000000 ) 
 ( -0.098014  0.000000  0.000001  0.000000  0.000004  0.000000 ) 
 ( -0.075775  0.000000 -0.012839  0.000000 -0.319729  0.000000 ) 
 (  0.098014  0.000000 -0.000001  0.000000 -0.000004  0.000000 ) 
 (  0.075775  0.000000  0.012839  0.000000  0.319729  0.000000 ) 
 (  0.075775  0.000000 -0.012841  0.000000 -0.319725  0.000000 ) 
     freq (   24) =      44.219923 [THz] =    1475.017859 [cm-1]
 (  0.000000  0.000000 -0.000000  0.000000 -0.000000  0.000000 ) 
 ( -0.000003  0.000000 -0.231974  0.000000 -0.000000  0.000000 ) 
 (  0.000003  0.000000  0.231974  0.000000  0.000000  0.000000 ) 
 ( -0.000006  0.000000 -0.469380  0.000000 -0.000000  0.000000 ) 
 (  0.000006  0.000000  0.469380  0.000000  0.000000  0.000000 ) 
 (  0.012839  0.000000 -0.090601  0.000000  0.184598  0.000000 ) 
 ( -0.000001  0.000000 -0.068362  0.000000 -0.369189  0.000000 ) 
 ( -0.012841  0.000000 -0.090601  0.000000  0.184591  0.000000 ) 
 (  0.000001  0.000000  0.068362  0.000000  0.369189  0.000000 ) 
 (  0.012841  0.000000  0.090601  0.000000 -0.184591  0.000000 ) 
 ( -0.012839  0.000000  0.090601  0.000000 -0.184598  0.000000 ) 
     freq (   25) =      44.438858 [THz] =    1482.320750 [cm-1]
 (  0.000000  0.000000  0.000000  0.000000 -0.000000  0.000000 ) 
 ( -0.000000  0.000000  0.000000  0.000000  0.000000  0.000000 ) 
 (  0.000000  0.000000 -0.000000  0.000000  0.000000  0.000000 ) 
 ( -0.000000  0.000000  0.000000  0.000000  0.000000  0.000000 ) 
 (  0.000000  0.000000 -0.000000  0.000000  0.000000  0.000000 ) 
 ( -0.204124  0.000000  0.353553  0.000000  0.000000  0.000000 ) 
 (  0.408248  0.000000  0.000000  0.000000  0.000000  0.000000 ) 
 ( -0.204124  0.000000 -0.353553  0.000000 -0.000000  0.000000 ) 
 ( -0.408248  0.000000  0.000000  0.000000 -0.000000  0.000000 ) 
 (  0.204124  0.000000  0.353553  0.000000  0.000000  0.000000 ) 
 (  0.204124  0.000000 -0.353553  0.000000 -0.000000  0.000000 ) 
     freq (   26) =      45.520283 [THz] =    1518.393189 [cm-1]
 ( -0.000000  0.000000 -0.000000  0.000000 -0.000285  0.000000 ) 
 ( -0.000000  0.000000 -0.000000  0.000000 -0.349237  0.000000 ) 
 (  0.000000  0.000000 -0.000000  0.000000 -0.349237  0.000000 ) 
 ( -0.000000  0.000000  0.000000  0.000000 -0.414788  0.000000 ) 
 (  0.000000  0.000000  0.000000  0.000000 -0.414788  0.000000 ) 
 ( -0.017930  0.000000 -0.010352  0.000000  0.261214  0.000000 ) 
 ( -0.000000  0.000000  0.020704  0.000000  0.261214  0.000000 ) 
 (  0.017930  0.000000 -0.010352  0.000000  0.261214  0.000000 ) 
 (  0.000000  0.000000  0.020704  0.000000  0.261214  0.000000 ) 
 (  0.017930  0.000000 -0.010352  0.000000  0.261214  0.000000 ) 
 ( -0.017930  0.000000 -0.010352  0.000000  0.261214  0.000000 ) 
     freq (   27) =      48.796596 [THz] =    1627.679228 [cm-1]
 (  0.000000  0.000000  0.000000  0.000000 -0.000000  0.000000 ) 
 ( -0.000000  0.000000 -0.000000  0.000000  0.305481  0.000000 ) 
 (  0.000000  0.000000  0.000000  0.000000 -0.305481  0.000000 ) 
 ( -0.000000  0.000000 -0.000000  0.000000 -0.354786  0.000000 ) 
 ( -0.000000  0.000000  0.000000  0.000000  0.354786  0.000000 ) 
 ( -0.115883  0.000000 -0.066905  0.000000 -0.275132  0.000000 ) 
 (  0.000000  0.000000  0.133810  0.000000 -0.275132  0.000000 ) 
 (  0.115883  0.000000 -0.066905  0.000000 -0.275132  0.000000 ) 
 ( -0.000000  0.000000 -0.133810  0.000000  0.275132  0.000000 ) 
 ( -0.115883  0.000000  0.066905  0.000000  0.275132  0.000000 ) 
 (  0.115883  0.000000  0.066905  0.000000  0.275132  0.000000 ) 
     freq (   28) =      49.065528 [THz] =    1636.649840 [cm-1]
 (  0.006260 -0.000000 -0.000000  0.000000  0.000000 -0.000000 ) 
 (  0.122223 -0.000000 -0.000001  0.000000 -0.000000  0.000000 ) 
 (  0.122223 -0.000000 -0.000001  0.000000  0.000000 -0.000000 ) 
 ( -0.225904  0.000000  0.000002 -0.000000  0.000000 -0.000000 ) 
 ( -0.225904  0.000000  0.000002 -0.000000 -0.000000  0.000000 ) 
 (  0.069019 -0.000000  0.308746 -0.000000 -0.091991  0.000000 ) 
 ( -0.465738  0.000000 -0.000002  0.000000 -0.000001  0.000000 ) 
 (  0.069025 -0.000000 -0.308741  0.000000  0.091992 -0.000000 ) 
 ( -0.465738  0.000000 -0.000002  0.000000 -0.000001  0.000000 ) 
 (  0.069025 -0.000000 -0.308741  0.000000  0.091992 -0.000000 ) 
 (  0.069019 -0.000000  0.308746 -0.000000 -0.091991  0.000000 ) 
     freq (   29) =      49.065528 [THz] =    1636.649840 [cm-1]
 (  0.000000  0.000000  0.006260  0.000000 -0.000000  0.000000 ) 
 (  0.000001  0.000000  0.122223  0.000000 -0.000000  0.000000 ) 
 (  0.000001  0.000000  0.122223  0.000000 -0.000000  0.000000 ) 
 ( -0.000002  0.000000 -0.225904  0.000000  0.000000  0.000000 ) 
 ( -0.000002  0.000000 -0.225904  0.000000  0.000000  0.000000 ) 
 (  0.308744  0.000000 -0.287482  0.000000 -0.053112  0.000000 ) 
 ( -0.000005  0.000000  0.247275  0.000000  0.106222  0.000000 ) 
 ( -0.308743  0.000000 -0.287488  0.000000 -0.053110  0.000000 ) 
 ( -0.000005  0.000000  0.247275  0.000000  0.106222  0.000000 ) 
 ( -0.308743  0.000000 -0.287488  0.000000 -0.053110  0.000000 ) 
 (  0.308744  0.000000 -0.287482  0.000000 -0.053112  0.000000 ) 
     freq (   30) =      49.330145 [THz] =    1645.476507 [cm-1]
 ( -0.000000  0.000000  0.000000  0.000000  0.000000  0.000000 ) 
 ( -0.171771  0.000000  0.000005  0.000000  0.000000  0.000000 ) 
 (  0.171771  0.000000 -0.000005  0.000000 -0.000000  0.000000 ) 
 ( -0.082756  0.000000  0.000002  0.000000 -0.000000  0.000000 ) 
 (  0.082756  0.000000 -0.000002  0.000000  0.000000  0.000000 ) 
 ( -0.015986  0.000000 -0.309064  0.000000 -0.034840  0.000000 ) 
 (  0.519304  0.000000  0.000005  0.000000 -0.000001  0.000000 ) 
 ( -0.016003  0.000000  0.309046  0.000000  0.034841  0.000000 ) 
 ( -0.519304  0.000000 -0.000005  0.000000  0.000001  0.000000 ) 
 (  0.016003  0.000000 -0.309046  0.000000 -0.034841  0.000000 ) 
 (  0.015986  0.000000  0.309064  0.000000  0.034840  0.000000 ) 
     freq (   31) =      49.330145 [THz] =    1645.476507 [cm-1]
 (  0.000000  0.000000 -0.000000  0.000000 -0.000000  0.000000 ) 
 ( -0.000005  0.000000 -0.171771  0.000000 -0.000000  0.000000 ) 
 (  0.000005  0.000000  0.171771  0.000000  0.000000  0.000000 ) 
 ( -0.000002  0.000000 -0.082756  0.000000  0.000000  0.000000 ) 
 (  0.000002  0.000000  0.082756  0.000000 -0.000000  0.000000 ) 
 ( -0.309055  0.000000  0.340863  0.000000 -0.020116  0.000000 ) 
 (  0.000014  0.000000 -0.194428  0.000000  0.040231  0.000000 ) 
 (  0.309055  0.000000  0.340880  0.000000 -0.020114  0.000000 ) 
 ( -0.000014  0.000000  0.194428  0.000000 -0.040231  0.000000 ) 
 ( -0.309055  0.000000 -0.340880  0.000000  0.020114  0.000000 ) 
 (  0.309055  0.000000 -0.340863  0.000000  0.020116  0.000000 ) 
     freq (   32) =      55.933375 [THz] =    1865.736553 [cm-1]
 ( -0.000000  0.000000 -0.000000  0.000000 -0.000367  0.000000 ) 
 (  0.000000  0.000000 -0.000000  0.000000 -0.091762  0.000000 ) 
 ( -0.000000  0.000000 -0.000000  0.000000 -0.091762  0.000000 ) 
 (  0.000000  0.000000  0.000000  0.000000  0.055615  0.000000 ) 
 (  0.000000  0.000000  0.000000  0.000000  0.055615  0.000000 ) 
 (  0.349009  0.000000  0.201500  0.000000  0.020476  0.000000 ) 
 (  0.000000  0.000000 -0.403001  0.000000  0.020476  0.000000 ) 
 ( -0.349009  0.000000  0.201500  0.000000  0.020476  0.000000 ) 
 (  0.000000  0.000000 -0.403001  0.000000  0.020476  0.000000 ) 
 ( -0.349009  0.000000  0.201500  0.000000  0.020476  0.000000 ) 
 (  0.349009  0.000000  0.201500  0.000000  0.020476  0.000000 ) 
     freq (   33) =      60.975700 [THz] =    2033.930411 [cm-1]
 (  0.000000  0.000000  0.000000  0.000000  0.000000  0.000000 ) 
 ( -0.000000  0.000000 -0.000000  0.000000  0.007498  0.000000 ) 
 ( -0.000000  0.000000  0.000000  0.000000 -0.007498  0.000000 ) 
 ( -0.000000  0.000000 -0.000000  0.000000 -0.269110  0.000000 ) 
 ( -0.000000  0.000000  0.000000  0.000000  0.269110  0.000000 ) 
 (  0.322399  0.000000  0.186137  0.000000 -0.062607  0.000000 ) 
 (  0.000000  0.000000 -0.372274  0.000000 -0.062607  0.000000 ) 
 ( -0.322399  0.000000  0.186137  0.000000 -0.062607  0.000000 ) 
 ( -0.000000  0.000000  0.372274  0.000000  0.062607  0.000000 ) 
 (  0.322399  0.000000 -0.186137  0.000000  0.062607  0.000000 ) 
 ( -0.322399  0.000000 -0.186137  0.000000  0.062607  0.000000 ) 
 **************************************************************************
